43.2714960739349	45.0542680663309
64.1973577273066	27.7641485108827
29.6302562717489	42.2523722249327
61.1697968846046	25.4589810154675
39.0647398024168	0.377009390097582
0.858716946495099	28.8015557587154
27.8445329181126	48.966567054841
24.6250824186136	55.9478447567429
32.9195765931716	33.3767123210135
57.8817459092856	34.2474995806103
59.0643436922991	15.0881393417195
62.1334170280646	2.36134771367598
58.180621107193	17.8125150584674
57.6101290795999	34.5621208355586
45.7507395864235	50.2521171468553
54.7724131749815	35.3958019685912
43.8219816162353	24.2156582531592
28.9778092545354	27.887364769302
2.65176040243905	40.5551138522826
35.8765756412766	8.79617962464512
38.5256231941868	15.1070615347042
12.0801624432579	45.0474006333609
20.695067439552	12.1240876671505
31.6231473961953	1.93685786888788
56.7196247432007	34.2460522587626
50.2352799522855	4.41348967347922
42.9542692578185	21.7741391257263
14.3755415055787	45.9762335503363
88.3237021455186	2.64845527831859
24.0379526857463	28.7149200815311
20.3976381199423	29.7821825508877
15.8072023260441	57.6043597690781
19.8600464127306	55.4531474390315
15.2944525309347	6.22591940044701
30.3411721858853	11.773585254221
56.7164452544956	20.9001159392763
55.7548083158931	24.9295595218099
56.7236984878423	18.0466121612334
5.51394839096533	4.58418801640355
77.8989051831415	19.5256356240835
9.06472267073799	1.99568122718282
64.6481843966284	26.937442192313
18.4388499327185	42.1052275421588
75.2096406068698	20.299608316412
70.3225141252962	3.13783674647
44.9620973528186	49.7032734331224
0.880661281235824	1.81343425149724
0.711971009481685	87.7692650480984
56.0408125892472	41.029988294947
41.1295255371973	14.6112177123368
23.1346550970965	70.0896490691647
95.5088734605856	4.38426146487904
45.7393290688001	26.0211719786847
5.27488198376954	85.2143400745533
55.6824971249711	31.9687412269268
2.51482227002961	54.3091072022492
36.0163788478898	41.6514210131259
24.3950111439428	44.3906213363589
18.2718205350786	43.9617921337307
29.5350479565258	15.4976309349284
67.5748267991351	27.9249492231407
39.6864779478342	1.77753693506938
6.04425729533856	78.550377478148
37.1068162085055	2.66314251472389
39.8779214079855	36.2686840054899
24.7740592457233	20.5187479129614
8.43248381672077	12.093969300433
46.6438224756363	6.77613374161354
26.1786626308126	66.9369757952806
7.14296051633682	46.101752690087
60.5885855670034	32.7272562462498
3.23588485048892	54.2965682476277
30.2642306453848	44.1992250942622
9.45337363958981	74.957213678843
11.4180220344188	32.8661658022861
8.72439439814742	31.8977276943148
3.15088997741737	62.4913316976704
6.00445336010514	80.5748341514612
11.0653742733716	13.1866161772919
56.5934096260897	35.6246466914307
3.36957490228562	14.7460947813215
34.0978070321017	7.24019697273159
55.4776884873759	33.2963891948091
60.9515151292791	6.37629232666283
5.50722470763476	10.1852500858648
51.0888043097634	5.68996062767224
80.018129376703	1.72335393807076
25.3016894335401	22.5760558259562
11.6105353979443	17.7787351039139
20.5183634164363	23.9459056053059
6.38375459536154	50.8685531797207
42.7310178721002	57.094321147117
11.5106775944637	61.7699294173019
75.0676094438264	0.880124187506793
34.4551350150514	12.0088859051507
47.9565082806891	17.0807786365416
38.2203342105357	17.7643284750005
63.6572904715581	28.4078464044295
27.2220675960286	63.7924921064603
43.4340285339551	13.8527674199328
21.6858537968648	43.1727800253652
47.5084463821298	50.545833236792
18.0718713989816	68.2716877983286
79.5584008933783	2.75403494143581
60.2886151337477	36.7624701171939
61.7634679478423	12.6289954933473
57.6428817853531	14.8698941873712
43.8458497840193	1.16619509699112
34.2285633712209	8.97386763662746
9.78925228574744	75.1623407356266
20.1843546331787	27.1560970354621
21.2727039685811	8.25246344704761
27.9824776705273	55.5340406277841
28.8345488388252	28.0043343678137
11.903296276882	54.0021560406322
12.3134051506936	27.8154973070209
2.533906745973	52.7896003112148
25.9300192938792	27.4096928198867
71.4721409936771	14.9630436277776
5.08064190162376	38.4979518775353
77.4735555413522	12.927978584975
17.8426788737265	30.6663381544251
25.6828767367093	12.5256491883312
22.9083547475321	46.8857655520019
31.9940057266476	39.6994275691451
47.9991955440488	36.4265702834477
50.7365027213173	27.6821369434158
14.8426918847685	35.798881824966
55.2399589471705	30.6468961437451
5.71855670107461	75.1928773593124
29.6040213339049	48.0736255403951
22.9236924661899	41.8362386719492
19.0478173173255	65.2361457539891
56.6359702761453	36.114028858074
4.90714255948884	80.9781694696183
1.29719106540884	64.8267162334298
21.9798570135515	34.8675009956898
41.8941704751431	41.5338343668421
14.3070877596303	9.0368495364845
23.962073085812	47.4923780874779
18.6593731952176	65.5735975436743
13.2687392706372	50.7570476041907
57.9308579014292	0.931280106739737
79.7906000073024	14.6224738632433
60.8627959903622	15.0549359224061
29.3497050783363	40.8918404676448
5.81057891520233	40.1818794385446
5.17374496216594	15.1021359093032
21.5987617250526	44.6586394890485
51.1520577832833	1.16458972970237
12.236985150835	1.00233000749831
24.9513127491583	47.8612397554616
44.9464686889883	17.7489784628847
29.574267719674	35.0214462424728
17.2456930937458	75.5448921004054
73.1377586131626	7.9992989581075
44.5979241955084	4.64598918549995
27.9448942877096	4.17141495466764
26.781321888222	13.4349735516286
57.9835209799854	4.08000443320722
70.2750328324153	24.1750075128744
35.922742465475	17.2759163739513
53.4560830581263	16.1306115408105
6.27783257806573	91.5140531451973
4.28630300065796	12.48177434899
69.0751983640134	14.3022302139095
37.9071422097772	23.781259275871
7.39392922604174	91.9548392724036
1.28034562863426	29.9220489477376
8.28712815804739	36.5111154208477
10.6000563179143	41.2311417242657
30.6644252178559	28.4673126546979
22.6014646806761	47.3067632165303
27.6891701983703	43.6812907660759
31.1591713368703	59.4116912965717
86.2678653030972	12.141483189604
9.88198714790958	61.5012437857228
14.8502659121762	53.996847688219
21.5344253562085	8.3177037110169
52.6908132492987	21.7757546909972
8.66488563300338	18.7461318535479
67.4687025917083	6.02333862614973
93.6925378133042	2.63987346675241
1.17979459519488	60.0871660095114
9.59265809952871	48.7933482736318
37.8985828430851	48.8754368614757
54.9632764211685	32.8715885676777
13.6170467425217	66.7302448613244
82.5764554937261	0.825709989678911
10.9616885944091	49.7948211383982
7.11213988583169	54.2822077191818
38.0467450423384	57.5488641194761
48.5238093177433	38.7429032655167
8.09188485522377	34.5971140240306
52.8534660361956	14.4746235639204
30.8364736991173	52.8431420926206
28.8329070568238	4.11665914771923
20.0634179730264	0.354084605515974
21.4452884259845	45.9766087802018
66.9603978595512	26.9025279334292
