22.9090874190019	47.0852684914531
66.6457755801481	8.87396391894387
26.9651691089222	12.4934775347325
1.14567284525636	1.76148903638194
21.18946119267	24.4391690587807
9.84272878144063	65.9091935799966
36.3564121240547	48.379180276943
37.8877792683839	53.0132297207663
3.90409594583516	1.55772324724017
24.4763452673686	49.5326411675348
3.37460478924895	72.171160239806
68.8387387287052	3.64819090051958
41.9129369509932	15.7106071783745
24.0856162850212	11.5082590894346
81.5494630399856	0.433139782600636
42.9455381086774	16.4293104859205
49.9407992930807	22.8742926488045
2.11615539254442	69.8958576982356
4.96986797310871	54.2777772779939
35.8942900485798	40.6933570004503
45.0895327818997	37.3857198457167
21.0645642695318	37.6715685416346
3.35825202211656	32.7082212235351
6.46624332594976	83.9274335112085
68.7215978134059	26.3795201789492
23.5004506648986	16.8888426930126
20.0082602072546	24.043205484768
6.58710305885743	60.1698770002322
8.07743724811703	2.08898973748507
32.7758911218382	24.0601700376999
75.6139690408548	18.4183242816563
13.071058463804	19.6666573731539
75.9943092595759	17.991939195428
34.2695170707393	31.4869003517027
32.6159197523333	43.0005430444146
3.52277779184411	40.5642521290873
34.0298982961243	18.8310836529504
23.7469321693047	22.068509469772
74.1900414573914	14.7839519264102
2.78205201159327	10.5972976473148
53.3656426022601	28.6936009902012
57.4582585866834	25.3864368542034
42.2664336125676	32.0841853656267
24.9710840755008	0.511085102572611
37.1428715703743	58.1391513618357
62.0478494847416	16.2305646185906
28.6255945119195	44.2051398773702
14.2166348240416	73.2981940607066
21.454592990435	43.413452265511
76.5160299728233	23.4326006488095
46.2608460086681	50.8759951455872
5.06115569968762	25.5517168555184
60.8400216609426	13.3258420570408
2.77402079793346	24.6866270083406
45.0717978389337	44.0233482718576
63.7859225570159	21.7850570668397
11.1698020301619	2.96313674327132
37.5049271795456	50.3613863374858
10.8302654748923	74.2465680345179
53.697548040048	11.5911547148559
55.390542957648	15.2997524548786
10.090058860411	19.9532028846225
3.95090850254097	47.7756366356163
72.9746035174348	10.4786353234568
56.0688955504768	40.5698623697133
36.9563747835142	15.0774327176984
4.18655588486537	55.9642090257091
0.166145572516204	99.4442730673795
52.0197319109085	24.7642648055983
59.2308569044018	0.861256709723387
3.47522096870245	31.7200186344422
11.5131103021619	8.69871187428884
33.2825750267518	13.3301469559456
47.9174094032112	32.2353904285633
71.5811004264192	23.1653156798171
58.4589034125483	31.3046307448785
28.3438785133622	67.2851798437932
59.5645174661486	9.30050039165677
0.769141363338167	0.101980380761428
28.2583252658408	19.9043508246096
36.483717447372	59.2746482506742
4.8023447882395	24.503307288747
60.2986736503889	5.47537580387451
16.6424009095144	70.8352306256235
14.8293010959538	10.3315141100118
72.1555011682936	2.21260991050518
7.92957051095067	84.8249653749284
23.4608717371993	57.6904185384933
26.9144725179833	48.6125205404183
43.4618268364397	7.58015355448246
48.7072474084363	4.23279786679558
6.98650619340432	54.0891416622741
12.1216081139267	41.1353151505512
26.7875106664316	59.7790109737678
7.81947840369282	77.4908789328723
25.2452079324262	60.3348526918957
0.650208909367308	2.60825511189562
74.0651757801255	7.2342281263481
30.5820973732425	55.8903948198494
16.9054341115548	52.4974080978415
29.2035349315049	18.0663595060196
9.55451042836276	77.995659773236
1.1985288007178	32.8507644742964
45.5688104245666	35.7111143580224
21.8250098739867	76.4873273561184
25.1962076989916	58.4655887719549
8.71038819137513	88.3723947165405
3.58258895742828	4.3782510815087
43.8616353757035	13.8297737174806
24.2298810389963	20.3242359311898
67.9363685045095	4.38828608225486
20.4250933231903	43.9139197319345
23.4475856756082	64.6111494696751
30.6941871208577	58.4398453395999
64.7019913721373	24.8252838499962
11.4812333190261	30.076663070394
29.2360708253626	35.7831445223573
47.3388063941797	32.5423634296946
56.219282725928	0.199741078633695
25.5370261732196	65.7900356993964
93.8009389647287	5.75019219226678
12.4057789390934	39.9287059623416
6.44426690714633	71.7675688079407
81.4365986182525	12.9422958069212
17.2942122059382	81.0696911444281
51.6659971101517	29.4140621225415
66.5765700706172	9.88626550412097
20.3993498908353	78.9905514470258
61.6105132091839	28.91884684978
5.83225931312528	91.1858658730918
51.1057648114421	43.2769869190068
28.8402903493681	15.6507606690986
28.2637147364503	37.083154049275
3.52311358019855	20.6230128745656
34.0964466492163	15.2584010340545
74.781001766576	17.5707956857843
3.90127659956984	35.7454009986228
11.5485505720361	11.504337988563
32.5274933281017	26.1620903509492
1.48412282647757	22.2875604044122
20.6383498947315	4.14201119176206
8.95803589790968	10.8199991801847
8.87723719183227	12.23782240983
48.5656038152825	48.1498102881712
0.30051181106852	55.9927824679729
32.6465862023861	4.63904845744327
11.8979443851383	59.8034147451648
75.7356822377703	15.3603638128193
28.4406325912292	2.67819999841889
14.166637842621	23.1031254041489
11.7457756827333	21.8586242393864
18.6903250025075	38.7625606445421
35.4448891875543	3.41006629327781
14.8699898341997	6.90950211459282
21.4545109409161	64.8767331917196
30.1919360785708	13.4546241785654
7.57780853080461	45.8874038168636
31.6782965937994	44.1882517394555
24.4034755157323	43.9249396063038
54.2304671156362	19.9842159263716
20.5189630019101	75.1363842166664
13.407475786939	0.461644819221294
11.5345278342881	11.8929667453714
8.30035973726789	34.527446066275
91.6666881608156	5.23570082394206
31.1847521137375	23.1177880536382
21.7682938658485	58.2475027806347
24.3255985082712	15.2124424070178
79.0401535942406	18.1226453362604
41.0457819891375	45.0824724720244
37.6716389030552	16.1154989693852
10.6462660760834	2.12962045433448
13.6821974598254	46.4817891579502
29.9475659290084	51.8612545225123
32.4799280299246	33.5215276263289
12.3664785699763	79.7207024785321
50.4900304370048	19.1677746917902
12.7401874925663	31.112679061998
56.1384733562071	5.30652059489233
14.6707720191548	68.3250033149146
46.2226914457151	34.0049564996757
1.24670066928803	6.17073928293341
20.8452486064496	19.2754642196351
45.8810242106584	44.6048960297391
27.089422814124	63.0637718192599
44.9392568063639	43.8949314616131
65.6254685323804	33.9732991689692
3.91369839381133	92.0142256151951
33.498011032817	54.118063093218
14.7296811056927	67.012649246963
52.4876928201354	13.8788941380935
43.8796397968566	33.4166899013411
40.4748190382844	9.96915582100356
75.7869476339719	11.533577326468
20.4451561069326	70.7758405575416
1.67352920476046	62.8942298064447
83.0899403351778	12.2493922767459
69.2155726576297	21.7131136552026
2.25704088912208	28.8310229912545
28.932148417892	37.6253692142784
