26.256747369774	27.9696668162801
1.35444118704388	23.7272814958018
43.0111659891024	4.75042322871761
1.80001054042951	73.0402666484193
6.21971614017138	66.4010939963167
4.17789435208677	6.27268906974825
43.8389440736915	19.5874487141089
37.971862935448	18.8480218494535
14.8063078591629	35.4304481928379
11.1796259932125	29.1498794821789
54.5325681821129	1.36250527639059
4.48311921417858	9.39204995957764
32.9970577885383	22.2722270164044
54.128452089675	26.4283546835316
34.8342104511495	6.66929865566515
16.4104278741453	17.7181595553263
83.6899159865873	7.58071779626455
73.7766525586027	5.8703262851901
55.2214680031042	5.29869068660712
31.4208274387852	2.81538907569618
14.3649026352749	61.0230676648314
50.6392238431793	37.9526367587748
20.6961000900232	56.9890786693381
0.2072426957112	4.51032733754736
39.1520756013468	8.83714161293448
14.6555494585333	17.6794327877832
31.0052105370002	61.8187947952276
15.7899726721411	74.0152264824208
36.4617136011188	39.9077652208078
74.1191557488028	16.2215603591043
31.3305239339036	55.3873602093139
67.078935712147	25.5497809618478
51.6824470607948	26.7008373172492
57.2794451179353	4.18751365700155
64.0690941196257	10.1617668802672
66.1466150852603	22.5836858258507
17.8633116734509	2.63478867832329
29.7038623735792	53.0935548958804
83.3572766666102	15.7521097062864
30.5926769182983	67.9874862395169
31.7633589411915	60.2994774749034
30.3911715887446	22.9305152422425
34.5436988093628	20.843443656733
0.808383291963666	3.81271592518907
64.4504747653615	13.1551839938179
8.55755033369993	64.1745053064891
10.2039028472285	21.0256008529223
32.8642836924942	15.5784142276172
78.3984079390757	10.6715428226961
20.3199690768123	43.2160998430178
6.29022256764128	91.1821168340659
81.2084108969236	9.17441347109825
52.9327184208355	26.7799609931093
3.53701147415536	40.6439822356421
50.0955746276749	9.36557073582223
42.4135851405624	32.8851840146283
35.8431057705745	38.2606103728808
57.8842827388478	19.0217860131626
34.3700033306936	16.1950896103844
80.2858521138718	0.0856438186418469
85.754947404263	9.74436519189941
37.0546330870384	10.8095543043732
60.5759681950211	10.95439834099
41.8940423717229	38.2345821886484
66.7293777534409	17.7964228753915
68.0443132147399	27.3851311893133
54.2426522142452	27.0228126677791
9.70457089585465	31.0737886145123
19.2563818857336	54.3277713257483
17.3365759278352	34.3722214616706
23.0470134518328	73.0853857347208
47.1302366103652	26.0987405786751
1.2059772858424	31.6354814132841
4.44241515567639	75.5867830829633
41.5430336918417	49.6681919552703
1.28388619110169	58.3698162149497
55.5017129776542	10.0318204192593
1.10498340851859	29.5021795805088
11.7948500028787	7.52182091005231
15.1875687368156	75.6831459587827
50.9009913778403	35.1839771192446
41.7418232382004	35.0938963401569
60.8205342948532	27.1784210238505
38.5344126441211	54.847146689355
93.3672344746847	5.62031818815522
4.46213181338372	94.5701083608764
41.1769694840428	39.2717654068357
49.6803795684503	14.3718155167866
58.770172139057	8.82635605932509
23.0331849414078	58.5289648540919
73.320608061422	11.0501130628633
18.9500681678532	19.4546672606164
14.6926331402234	41.8087472402531
3.8816464151636	62.1405709824248
4.56339833539138	8.0980754960785
14.6086493575054	62.975143484294
65.7272354540076	12.068062746929
17.8535488051612	19.4803849419022
21.4164386137465	28.8476390432788
86.670250020302	0.541451247661119
9.80841718139519	56.1951943469211
7.03127081833373	19.399175103474
25.4573745305917	2.43121935167872
32.9990495149973	33.4062460965506
27.2000978827477	40.9065029308696
1.01498640189645	62.9703432614777
75.5619639882641	6.96505303818968
14.3541799459393	34.3586824994342
36.8079635020383	41.1161788465065
50.3294951516807	8.32044524528107
67.5424017326638	4.97015472732957
35.4532866903829	49.7819590148432
66.3985956303769	24.725403787906
33.5748884051921	2.51802057145071
26.8692553634147	71.5530908534085
12.4343572708007	45.6561449662112
19.0520661506113	32.0351439677343
14.2963038824016	14.3278977900408
47.4820948426994	34.259743864769
0.932990527214944	90.287006362475
40.8368189543657	7.6562603039929
24.3419900649888	43.749518386903
64.845125034845	0.114899408125737
25.0468700309502	49.3693676541417
33.6654008057273	1.81713984432497
3.22410860249033	25.9186281011992
15.0319533026926	1.08925038999377
24.711836047802	29.423289992578
19.8527590929776	52.1310888939216
75.580453721611	22.1565862289428
10.1267430978486	50.738438614988
2.09778957166606	12.8766467854738
57.7517557692489	38.9608571952958
31.5653035098525	27.2012490905827
22.9083614064885	72.0406130757372
62.7585931973339	34.1103876634084
26.2366861227139	13.6034873377548
73.459914640272	4.16203374236917
50.0332993222556	1.99262457992538
28.7544747017112	30.4194013729782
27.8300772084995	10.5687771973055
8.60009105345238	6.93978360245926
2.62093106406784	80.8880803086274
26.0468639554674	21.8529876888976
36.7912990678061	50.7513385036734
36.4214102441545	5.26608578174658
27.5820943189702	61.2680418236498
33.3212669162644	51.4332692378356
59.4231291019466	32.3391918243557
11.0284110582566	41.6829459097623
23.0122046186646	22.9974248553614
24.6555927790029	32.7404606308511
68.3151626346238	3.85511694655526
9.85951493953332	51.6069269513744
46.7835584407596	25.5116332906818
65.5712143357709	23.4883889199646
34.7677820058389	23.5241937560608
4.32192725330681	50.1902551158286
39.6175749784417	24.0488393344213
70.59706056984	9.08374954438012
27.1795952353531	17.3030941827703
27.7391338850088	68.4386283943609
32.2624236495525	13.5981182165435
51.8576827607386	8.85101985598496
51.4085268841165	31.4279569924939
51.3755929895563	45.4890893518408
44.5134384299225	7.80963362558262
52.2262314577709	15.5718432346228
5.56086539549793	51.0120684518535
30.2366002603604	37.3556830162907
10.1609587251027	78.3449300463986
46.1400957527292	14.5019997444479
11.5848965996806	35.2566840756948
14.5604239844533	33.8889587828372
57.863686679799	23.8703595119856
72.0300760921231	11.7359122316055
20.0155804958267	17.4619909922881
14.5150470149308	55.2437743429298
14.5063299287606	12.0510217789798
19.1816585227762	37.3836283746099
46.3623752567742	6.62114736932383
51.2484590761589	31.4366481413304
28.0977155678429	48.3315470853502
7.17496308832195	33.4799338288046
2.00813906360797	81.7123785529809
15.2411035798681	73.1836156794725
43.2877494223824	15.217598115661
11.2084566202054	83.1716219816225
33.4316362316868	58.1864622226853
13.1792581235893	40.5934279507927
19.2625454716676	49.5941047321978
10.0428827153718	0.0927569345071711
41.3586489583173	19.332674154701
22.1425247947418	75.339881226113
13.9967806236803	66.2780189729659
33.7387905147573	65.8852241308825
55.9719495735932	30.406873733926
68.5331204293916	1.87849570153211
5.26838917530532	12.0416890885875
24.6479759107567	1.00129894027547
