77.6518150594327	10.7249818792217
42.1330150878676	26.4829353087037
17.5152445293568	82.2299545082403
11.1068849969222	72.971359720906
67.5893295405383	7.49593996791911
47.408083289586	51.7465743942869
16.2272779812232	78.8097384752751
69.4457029781517	25.9268624363127
62.4813955102495	7.83729190371804
30.2233857243431	14.862323605857
36.2270790786609	33.1546579176349
0.426692329545828	5.24573805986239
3.18651101700333	94.1775892368413
15.4861465168587	31.3433659408909
22.1557329046334	37.8428787169246
82.6543456794016	8.3124983163143
12.6037450100313	50.1224099426169
64.0015397984542	9.67795262563878
1.66882514100001	89.8582662408512
13.1709992015599	20.1147506107179
15.519495315626	56.9390014544777
40.0890191272316	25.0668842462203
1.49063128116104	22.6702848554916
41.2284943467139	1.59944836124752
10.3622217710885	56.4431100415267
66.5476729471924	15.5653016714218
17.1768687745449	29.3808448265217
16.9050349932653	82.9403868331296
15.8238706252649	65.2167314501557
6.82186703515326	89.9334601545397
71.7393637968876	3.97970131783732
10.4964582764061	65.007536609195
17.3268072387794	52.4510617146506
75.0765403150937	18.7146726151531
30.78211687076	67.8146200570346
47.0230961437445	11.8476495201921
51.3987712801428	9.41075855372975
33.3938928010845	33.8761544012819
49.6212430063734	44.9373737652494
8.36161198483855	42.702956051893
74.0056681791347	1.54013633799746
3.07505945818269	54.2926104060805
19.8030456992812	76.1676112078911
59.1513432837796	3.92474373985303
44.2989622449032	7.91604868504966
19.0571689135661	56.8892259881316
7.10664615365986	40.3065429256794
21.4486579976271	20.7839299090132
12.3334740345988	48.5873910359048
85.7860304814698	4.43686824498552
8.78449874407821	70.7411877674708
9.99364816117736	57.5331027421789
20.3799373565148	62.9138197111496
30.9234900544041	53.9171382570253
50.0053448835413	12.6336474961758
21.9167019342616	45.5925975672866
34.1192247970585	24.8072260174934
0.741824694323272	58.4163357775734
20.7925899516757	73.0765406848288
24.2941258588313	8.5368480107453
26.6723753542976	17.9796977983693
4.13015685236554	15.6610999794961
70.3283002461904	19.9204164649921
3.00078834546767	46.5503918223783
5.90751734837308	1.07401390609984
50.9367094612386	39.1092547863299
59.0041739675236	25.1981188660479
11.8918228018525	37.1662388728774
49.6771879259856	24.7619338448913
18.920222212989	36.5408146458402
35.8493993691399	57.7685647447447
29.9716273462268	13.4302810828342
33.7818903540177	21.0549137653107
20.0224094651744	17.5551688380331
64.8488037590165	14.1988083320664
21.8064376720257	54.1914328719449
67.1690233364557	23.2201119527314
21.1384383594331	77.7082841273901
0.232971552867895	40.3134113365381
1.00019425200307	66.4599736996274
10.7009924532385	38.7347781279752
5.32736443231225	75.7863456736255
3.39168119402215	57.7003899299076
55.7797153740096	31.3571016450213
15.4023762864072	58.1411152417497
57.8330751777781	9.44412611864699
7.74866743374088	34.4339033283451
27.9621032196852	8.99760113516711
40.0527280941851	7.90035743634233
13.1986140800634	55.3464639723983
43.4904404187065	23.1782147768783
6.03735470494132	25.6670994337961
52.1177253928584	20.0937101711024
26.9152788570688	17.7809173324057
49.5310432508267	25.2084137523586
82.7205008281025	9.38878311281501
1.16873094866459	69.6430926069818
33.7532564689188	36.668483231528
31.6067515553938	48.0452172216239
14.2099495112011	52.0750311911455
15.9959322381746	35.6860052029071
31.225836384681	40.0521578453724
42.2878605044856	0.194315286443716
6.73162648767774	43.5555214730816
4.28886655917804	90.9305632072177
42.2765118266812	46.8662054030533
10.5493850123833	85.9059928385103
21.3340408268077	40.8495451048247
46.6067866639266	37.8561494116933
36.8632054128047	59.3508750010984
74.0955098411513	11.4378991590058
43.7563506624458	23.2793863039833
9.79851936446434	22.1209976925147
40.0119681097623	0.546690076844157
25.1366201905239	63.2153526708555
39.3923178032936	46.1938075470709
37.2710941067296	41.2489007419203
23.0337743754656	23.2815527465574
69.59652238041	1.42696672185649
0.259418739126725	54.057693553184
21.0686194342881	1.19937514010788
49.0427874257056	31.0368142235264
0.344474939789844	90.278452118057
40.3461055552336	57.3063944267604
1.34471943664584	45.9394761575104
22.7135330078721	74.8526595881454
19.9585571978048	27.9017022940804
74.1668050522761	15.3199101403914
65.0174557068466	20.4747979158884
53.6828639235733	8.37155264260785
14.1725652451499	48.6257801524484
93.658802795065	0.131910620318684
1.97452129888093	23.4587194972945
74.3530531294425	5.29210483901766
35.4110859033703	44.4249333089334
0.9027951866867	65.7273799487051
21.9368333099116	23.6570462228996
24.9505062703744	32.6376686024655
31.8538423775946	24.8750316094957
11.0782570257216	53.834059580152
12.238634010888	24.8284470871223
13.3680901552402	16.4088605048176
43.1338291816105	52.7189392841975
0.499606458702873	14.6664523587872
45.4514029181802	39.9824374075897
37.5475231267268	39.8247432149131
10.0575416395709	40.2839162108879
22.5935507670946	69.2178940257141
26.5240037471633	52.13033387071
47.2734901342883	27.8860472738212
81.3317124179246	6.56977049380996
70.9574575866374	3.15139177402081
15.1714161574707	12.4559301475323
66.2870081915925	25.3633126268924
2.46253521296314	80.3781449237737
66.5930717096632	5.43249338186928
58.6494448402195	34.8150899330224
22.2334705862372	20.991721479684
36.641170520634	53.1926660580526
13.5364770952316	19.4421589930738
30.6461754863365	46.1458588233897
61.6474686477554	17.3503098624527
0.781253073728295	49.7362934284547
33.9746301220612	16.5619637894267
32.3528865502928	34.0659860214526
43.7369744031397	13.4004056516105
6.23027398541117	51.5742343624934
42.0533536663527	26.3932365581362
16.386703176604	57.2543659979731
5.27234040446223	38.1524156491051
41.6057761952308	35.9000885560643
24.9458125908607	65.7569844581918
2.40888442025002	72.1368565094363
62.0277540115769	23.2245887737836
37.3821119486271	35.2542320896193
0.963606685848723	93.9351562848013
8.5536620619491	20.1749096252839
7.69880237416308	34.9287957115699
28.4843880350163	56.6927703361459
16.8589591127164	59.1074457201676
8.1280652471483	68.0778583363061
36.0061340201675	43.1123065497318
74.6965095282982	23.271870623935
7.89147955732955	57.0810168781695
29.598753587156	49.082584469152
37.2725964231755	52.5814702513541
50.4667717267139	20.4769920653091
73.4081339898557	21.8145048347369
2.8194536933766	64.5864958244313
38.4791047491502	33.2341557989056
14.4391077172193	30.9145872159463
49.4665608040367	18.7506326095903
14.0441261762959	36.222853342175
2.20445804400577	76.2166336999352
2.35657193807725	54.2195174629891
4.00839708932135	26.4162429731415
83.6728828883138	7.78424875241902
0.239777704812483	65.1021921379036
23.6243894899378	31.8418756275633
40.9376418408647	7.72548197197052
