37.7035865735745	8.36583949083734
10.7996044730766	72.9248250708565
86.1471168632373	6.30696607116003
32.3765843326117	12.9463847321208
9.83187403056392	82.4719039641655
13.6027554113431	74.6945683260889
31.3209393207547	10.747378510771
53.1351357480209	0.906938501124707
9.87964459223656	69.491018014723
60.9780703489567	24.9241801560503
9.99704623129081	54.0436100000719
4.95657520599504	63.0090182474856
17.2045935491121	2.49039903399087
68.6059976316085	13.8949349121633
28.7978508178135	44.904254584063
59.8112489841	8.92493552943921
72.592259371929	10.2964938200528
4.38922210800891	11.698026588046
0.88502038311447	72.5443079474123
34.8873711819236	8.92772069616603
10.8410147534874	1.49480137112308
23.6720724141561	60.1164256968146
40.7352298222181	13.8098057889425
43.0819499041335	39.941181959557
25.9782027574155	33.9511993964907
3.3626339413983	61.1363063385414
86.7667941314945	9.16651227006992
4.53571342143031	60.894232783883
9.41147343693835	40.7640722304415
21.6891632516352	63.2756945506091
23.8137834816304	56.7883833110278
56.8755192946994	36.7375629659451
7.56278680989649	64.448040148452
16.9325577173999	45.4078760675191
17.2938235650276	27.9461664743471
13.4085928152355	82.488709912863
14.7280072396286	14.5055601440862
9.29562501110864	51.8128982520722
18.2520187079217	62.7025082068064
7.26893642324439	13.5871474228739
72.971033525174	16.4932267817171
1.60372546017343	40.0876732729784
23.8315145130416	52.0807581730563
26.4922881156636	47.938098408253
49.8671017353735	41.3250735687674
42.0603760713993	42.3699591506133
31.8165410458187	55.7498885578243
46.1960214405302	23.0173156238242
56.7964050717635	18.1091907984154
54.0331362532606	5.98112060966954
20.6772300511027	51.1896161135238
0.780031318208217	96.9153660335184
13.0464325719729	69.0733791650615
12.9018346839127	15.493039002406
17.6523480180895	23.4469842274892
25.3206101364086	70.3139202996688
12.8354064714328	68.8123423460928
30.1558522647972	20.5207444822978
14.1007398786492	84.7769183035832
53.7884972308709	9.9929090635818
13.8380870287484	45.8538369023492
85.681247378551	5.72232371462617
29.4681244667005	65.6638116881549
3.56654171066663	51.6749810202396
41.7970202592188	8.36955681832952
10.1819091523913	87.9840627256707
61.3461999508302	5.02835558961535
75.8252683448723	0.156485568804893
37.0888762348745	16.003113014625
43.1268688026475	3.05352350839112
21.6013871699578	31.0245569008517
23.155853209624	59.8836707695777
19.5366561969447	64.4920405766424
16.9542027716312	62.4257588584096
68.195888804363	5.46853021041887
15.4245584809336	18.0095506915867
0.00192224979490146	65.0149251637119
38.2137957672653	31.1549540754198
9.82486689920764	25.2251174884034
17.7517047700247	62.420126685137
85.4916993926706	11.3332277682299
34.8576347040281	49.7667619258942
51.62343930063	3.5918364783711
26.0411956003128	73.1735251253347
50.05880387037	15.3085838608949
20.4296160584454	44.4122179618162
23.052656335315	68.2240259685666
55.3745468870618	35.0132181937868
7.52756693750972	88.668694481565
10.796687384507	40.4705880398259
15.5959571784343	59.0979995946856
0.239434512443577	32.1417775154774
11.54591683836	28.3751698808629
1.78216039286096	12.1953734719173
14.1861712160456	59.2352778460995
11.4480059647225	48.2534639762032
4.12661191268201	28.0366247184745
15.489336203546	63.9546567406294
66.4060202736435	4.55795396331602
57.2721477398985	23.7338740489138
2.16205432180411	86.1201851564088
10.9256361662064	56.3606793323349
93.4520414068606	4.99408697010674
45.385329027374	20.35373394394
7.20067643895777	13.5065705112678
82.0553277535622	10.9445836911651
96.7060372683713	0.795374671367637
50.2042008331996	33.7505797547058
3.97527693024617	86.4935611311782
70.764476978576	1.20722702760586
24.446618521794	52.1333758496369
36.8435134351456	59.1286568712111
70.5026153337688	5.0813113362907
53.1558828675914	46.0522863297035
47.9592170789648	19.2347014878107
10.9043693220729	41.7534304045855
65.1521185716391	7.75550720643043
80.1852695085971	14.8445107111915
52.3854024020887	6.9584802756824
33.8687879656762	28.1510387212741
1.43833281539303	5.99344941135191
33.1476099943498	3.07103824013427
17.1694973563633	37.5773803971602
30.2927593375988	51.4768990927734
42.6951202762756	4.1519145034961
3.27330986190276	78.7294387718334
49.4748216818435	14.2877039100452
34.0315634077562	46.7048938603629
8.15111040517274	9.385499129717
6.74325446912239	63.5441350580864
12.1834983640274	19.8081783576907
17.7963686724176	4.91091991072098
26.184013730932	15.6987645270763
35.0466043851555	39.8303509409681
17.5619884475889	81.0356702101583
21.7708414987525	23.7621108646328
30.8341259280379	66.7486242795124
9.52836811054888	22.2213744289341
14.896069753401	41.1922295303979
88.1434289217663	8.0793255977702
11.6582894752074	68.3207594642047
26.7653872383597	1.12909586221403
2.50939154182998	57.0441491701846
41.13196131826	30.6457397670698
32.9490339071253	10.3384202860009
45.4042759004069	29.9107782216327
10.5613701560355	59.4353894514197
19.6985477207687	68.5474663826392
47.8619348014993	16.6369275733069
24.5812098610127	49.4019183560283
66.1396004567573	32.4943612015314
30.6967686539035	53.4500820345479
2.83924648670445	14.2544273353435
20.7664776690148	21.55920473
63.9897464606863	34.9242669692842
24.8512229997903	38.2581057205136
20.4588246627053	10.1284596650528
35.9445108268152	50.6415325918428
8.30141161955028	70.0150303402986
32.9140545953596	46.2964021350706
4.55771992195291	12.9376678322152
2.08511604093253	81.4452399413312
18.5235154901275	81.154308924989
30.7799051659088	59.9099166970281
44.8760380711761	54.3161531231907
6.65930467967843	67.9968555308864
52.0712369364087	41.2716340931466
0.151644973154946	1.21101262104279
89.9993889452887	0.494908169142393
38.5531031706152	7.52115683049017
40.8442137487439	54.499270885484
32.1180171017153	27.1471026945613
25.0887053669843	15.7802223301401
15.5164969691618	32.6663520339254
17.9970263121636	68.5439667052328
84.8815498803191	10.5830038015652
61.8969437488806	33.6606108274593
29.0830719885803	3.65469088016762
49.0328423907202	25.4701005413523
19.0657029482842	23.8106456230444
68.8860107534034	29.095815741036
43.6717447096816	27.4925901216886
25.8999681686517	6.02544630226933
25.7551371239848	67.4852929392295
15.6133582888233	27.9700993690501
10.5609823998813	6.7559532386977
41.6638607353269	25.588210497791
43.0228636800418	33.4928359526642
41.6969930481617	38.9658140200031
7.76064265880764	23.057625686311
77.8995537561828	6.63106865558357
38.8865695050389	21.0627430216701
29.9941409053254	12.3097497095865
31.2083184864411	39.5495217012006
28.5051645378141	50.7937634600297
86.2731063208883	0.493713049447962
0.263671437401171	76.3363245764451
16.3394374383331	58.1979735094113
43.5344607306339	35.0327920797434
36.9342734277874	21.9170871758447
