18.435185644047	35.506666607925
58.5462020982738	29.2745397562508
4.63486444420873	62.9333186256389
54.030304147876	26.1841506819167
6.72957357332556	71.0672916709759
37.7321319830288	31.0055832057286
25.2177156625398	40.8067910190703
7.76018784742811	74.3717721078413
4.52018059069299	11.6718759814612
24.5042596592122	0.38965260628129
59.9278624448589	9.92054483383919
83.3380969629335	3.43462247561413
64.8200406994764	18.1273208084178
82.9907233281949	6.64467215847442
26.4854026150356	53.4279057073537
11.9727143142245	24.8280630562585
30.9569575036676	33.5657403495003
11.3714986068064	64.6801787729748
14.4439096629824	76.1692273319556
43.6360771970991	32.1008579023652
11.7037990184984	12.816940300547
5.73580358444518	9.61059756093221
28.3337790185277	21.0696371835981
6.38587111904559	17.063524162892
6.23379596799323	6.58657518522189
47.5090132781812	3.65719036369454
2.57606087372455	27.7149289509817
63.0246805320609	3.83033883004931
22.4939006951143	32.7191827971112
6.42352178991936	22.921875455846
12.7801430471149	14.9968605092712
39.3668933489206	47.9636615831236
39.8999123554211	48.7712175812438
4.59089302671649	61.1607193765979
92.734085113152	2.19517354955672
78.0611521927925	12.3326777537971
8.91248123203985	0.618850067546056
16.3467769587165	63.1366285789463
36.0466521401176	26.7827994780535
69.6149868749152	1.86396115546299
11.0962537168973	20.2987271455576
16.3387311232922	60.0930232834504
11.2785414845117	22.5728042994499
6.08437927723135	24.4752766212799
13.510379341203	65.7733012297066
36.486701963696	17.8817330477209
20.6576721373283	24.2958034036196
31.929546562922	62.5562325876934
26.4500607393915	55.1076379395591
22.1412180094706	31.2513638898969
17.6827271551279	27.0549604795198
6.28861459264933	41.1699942039186
75.4306184944839	17.9302429398197
1.24006476311016	60.0198970455769
76.2507246230965	14.0846958449505
12.0810853373637	84.8040108498205
40.2944639512778	12.7043308283688
34.4503305547174	39.7335069904726
17.8048184224427	36.5383862687919
28.1634767205284	48.7223088968183
2.3340586118093	30.6451999259392
58.3440279394128	23.4771143754372
42.4511145532369	2.72742919750858
13.684458850736	16.2661285681027
3.54962023140379	17.8448507179715
50.4751472503297	41.6460498895711
14.8131739882814	9.43688718110178
5.75033752515462	66.5551076021768
23.3651757814759	30.5868782711154
69.5647724762395	26.7083095976656
21.8074993797613	11.3771610946288
1.67586910616414	52.7736102476593
12.1393582840168	67.9540788139934
14.0562941385695	22.5099946942693
9.28213927395741	78.4788598206261
24.8585493419592	40.4734343013137
26.0490481397365	1.53868985434002
32.9887660373881	10.3186260025569
41.5132607526673	6.10954496362691
69.1936802906886	15.7428049555713
4.43945452777643	43.089594013565
14.5902594619385	50.7760099837445
29.5066916055543	46.859095174288
40.5060594624402	21.8264859271359
28.4611479511769	67.3308057092739
9.93258133993139	9.28131449468495
23.3042263068744	6.02981332038986
18.978869458185	45.9951357198857
28.5591387788575	12.5895014557007
35.727220557503	10.2586312732932
65.6034855011867	27.1487234286725
70.4630461849566	9.94753381700606
75.3511461314518	7.7991842328567
33.1570126736336	5.30894496725357
62.3534338839135	23.4768782851644
27.880225716103	49.3854573226466
29.2429234503037	57.5466053362687
34.8780555347344	15.3853561800836
30.6870076948251	15.8716464954762
20.2337594331399	47.067868778048
6.25767731399167	83.9698058944055
6.58191340350635	93.2208860261463
50.2360675717872	1.49312377976865
19.0327544319596	72.599220821913
40.4477496354132	37.0046305176824
46.9934340785227	8.05688016491797
8.67549232611223	36.4137930965115
31.7548510300717	10.7443065898234
15.1044933195712	15.2855651058655
90.2401811863483	1.00812790962315
7.74416388373085	53.2385701095865
8.80344277657729	37.4661216686788
24.4848751111351	50.9925708412158
77.7104651451625	0.954873115268942
0.0744346995253277	32.3694476542852
64.1082544643936	34.8476668050735
12.741485430273	9.50063877250098
19.5593032145683	13.3886483560263
18.4425733138074	25.3741667724094
15.7288984003146	54.6066738919386
46.7644493313341	45.9853061688995
0.312716281187123	39.0320977843516
46.2742472282957	41.7944044535022
5.7744315852292	30.3606405995603
58.703327951349	30.7999779148027
15.2111304063402	50.681102811676
36.4906015510161	53.3989682576614
3.35393571451024	12.9658359628943
59.3497289621037	30.6850764577673
76.7148175634047	9.46553745747802
36.4646795841235	54.0891285306258
32.0567313730981	60.5273803512228
74.1801523017605	22.3138500108914
54.6853204046773	19.0846564802735
9.53208664876041	46.2410283024614
19.7393720595815	67.7614705021314
64.5364814738447	5.95720075348262
35.6781620698414	33.3084112654014
7.93553404879548	65.8464411114559
45.5740031998483	16.4734076319604
18.6243714385779	75.9632211997934
36.1960530915279	19.5724429653829
3.43374931413389	13.1087006596423
10.9457043981858	54.6636360486334
10.2271431173324	55.836032543255
24.8492182813814	40.8717410363591
39.8691745194929	53.9838800923824
80.9082778081802	5.44752991080635
49.1370990635534	12.9203440215999
41.6599690642487	17.1996331388129
0.756822387108962	90.7883380962481
29.8288538259588	44.9640385084618
29.8746619512675	69.3359748317562
55.6192979941234	25.1320713782367
21.337608444196	54.0542712686836
28.1483786777353	24.9709121533534
51.114002918412	38.3470749195419
24.4965477494973	38.9655403042983
16.2734347005717	57.4990048806644
38.6641651572027	34.2226652122208
10.7586259538115	10.3750702973339
14.1760634790063	10.7005489108621
40.6109188406779	44.5886085483193
10.9970790850916	70.5331996877367
23.0777502167401	55.7762064299435
64.9103003390647	25.8594313291178
61.8063411031879	3.31289414470684
6.2998733512591	32.0643404182346
40.6502568817931	19.4995916539336
7.0576176545851	11.8153165149574
10.9560078992304	10.6370595333339
63.2913617246278	30.6116878197583
27.3499958344502	53.9633480617606
45.4647699582692	36.4189258480533
35.5004579925446	10.8631693342995
17.9974635215464	28.9716274612451
23.0217874623005	68.2810698953835
38.2887351970602	27.7481845709254
56.1650202871137	34.2986125193064
12.6659711416187	79.41488147686
37.9085942813701	23.4119146239999
22.8120409058463	0.0928385649308742
7.58990035745776	16.078923417292
88.6920110735539	4.96413125887706
44.8835889086517	35.8525084032922
21.6719701521434	69.6560033455752
35.1372236549562	11.1661574389628
25.0143363257006	51.3677843619919
16.3056563196264	43.6069059854405
30.3724756140134	14.8768205730602
41.9532104125028	44.7273599657823
26.7087121618487	25.4205145991503
71.3752580207657	18.9358111559114
39.249084721901	40.1103899069644
48.2519712989461	41.5655730485756
85.3441544274539	5.31171486029016
14.210789284767	62.8686642567016
65.192567540888	13.3818698177961
18.0140779437563	63.9829943720172
39.6104829104666	47.0750006600632
