1.01319635334108	45.9786869799619
51.6991992256135	17.7017989650843
88.6695376078922	0.461197365290112
36.1927086655948	34.7754115866383
24.8982292715917	12.3920329438485
22.8899180064397	35.564431005886
50.4345563475204	35.9229747373252
7.25489482621425	40.3805508466347
77.5549257069616	15.2884969558979
19.469977039597	36.3185801712417
23.2752454575502	50.0364199048078
49.4180026694285	29.7964982361516
44.476745903714	29.5165527749418
32.5280007126406	49.5707151710851
32.4312761576992	5.73826083249332
76.770134631903	4.74261031706939
67.2571850322453	25.4826997525444
12.4579178227381	63.7527178338509
50.0266410177698	0.269733928269583
27.520516760424	26.8250555390609
5.40833282536284	48.2321766895392
35.2742865845907	36.112926498108
24.7038147992938	4.9651890550578
55.5152052340634	17.1516571739463
15.8764158915153	62.9835959351545
43.6182114964436	32.2320309617706
23.8606623485036	59.5225276236993
1.99603601451779	5.70294517357971
0.329928007130478	71.4558384248316
17.3144244669538	62.2919959771875
8.23751259978745	77.6602237846983
63.2146393243292	25.4977897859634
8.10006093611012	73.1763018635923
24.2090748270085	38.9613905171684
2.96915304054001	37.2995507145764
16.8217291668159	44.4205774666837
3.34399165741354	8.06085253509733
14.9176064948168	47.1168715726197
42.4883058492505	25.7628202092661
72.6129427890354	27.1536261435382
6.99673146335256	19.4023066756326
18.588353655575	16.7718126516658
22.1537981285498	0.0392084010127971
22.9700919347676	46.6447596655436
2.18925871988258	89.6681030232777
11.7880481815841	72.8605655361249
16.7258205435825	66.2760921131243
3.60902208071622	72.5737343880226
8.16642069638074	18.4222281530603
50.6297480550733	15.5980325376606
37.4690741475062	10.6490557597247
3.79429464405137	49.3167396864466
3.91240893114005	21.1012849216821
89.0401246440784	5.12038800172526
29.9189391219611	13.6010930471127
3.31760170092695	29.61552433186
20.7731722485149	70.8619564635968
64.6941448397442	20.8679843791146
22.2073103870299	13.2485303158166
15.9570119883665	10.6425826021668
41.7532672368704	54.2922823942696
1.38108884048699	88.7362202576996
26.1202338738927	2.49696932849333
54.7323972707299	1.10572530008188
85.5741943631201	1.6305280391269
50.3972193460899	10.1581085986263
24.4501993173967	37.1305316859533
27.1094292994167	57.9441152317189
39.527799812857	26.7674360548926
5.14427293331561	78.3975420419115
28.3450659962115	61.0671283030264
7.51041574753375	49.0253193066573
28.234435491373	32.0369519908153
22.4125756055175	14.8512866882846
47.3770270810356	30.2812268167181
73.5288184944209	4.6227355509171
27.1828530948529	43.4369736087681
49.2084204448426	10.2462467319547
72.7950902994699	12.2002370712348
8.68358901174906	65.0531055708663
73.3960925477539	18.3602673552745
76.3098349218768	3.40463421466045
70.815818789795	1.39385843714413
4.35486044937505	90.292986245031
53.3291538028648	33.5436129167413
13.6901012219908	17.7960354452003
84.4088221827563	2.88768019661665
6.22099452010402	57.899778642645
76.4950663673203	22.0751908710577
11.5770309751746	76.7979422476133
65.1534919464744	28.0947039965981
5.89138628257969	91.627876596352
22.9949365011393	55.4364414678125
51.3630043488755	36.6236716213746
35.5317358093018	52.7078079770821
7.69648799099796	24.6264154671814
39.2131199777187	9.13073732942843
17.6796241280062	78.7370414374103
21.9665819415667	12.4073583224823
12.1763070636319	35.0139695382742
17.710640662215	4.08026962731046
34.9048421415057	21.0586248995078
13.2318846011683	30.548347779805
73.8131043379256	22.9784003100257
41.2662064383115	46.080275553316
36.2759048753771	40.527076479293
19.8163716214785	23.8805269002358
30.1349378796923	27.1543448451694
22.5908674870575	32.8457670439248
17.2848954411619	10.587578178657
0.977377454274044	81.6452959932598
76.4223236015171	0.517766271027628
34.9971673148671	3.6162183636875
71.1411518841708	8.37878846022244
33.4418034802386	12.1154670194329
4.87903165858194	90.5562958170456
81.4894021402529	10.0001446949319
49.6846216962135	24.3172639628487
46.5560767085087	40.7484401672838
11.0831082384489	32.6596865116897
58.7465727509682	16.6379811785361
41.8492307615696	18.2967138096209
22.1268162234346	71.7803590333929
22.5589811441298	49.908631225074
7.47962687512842	8.34508845971203
52.4321049230323	30.3927117168869
97.2956802217735	0.782116968548911
42.4436946597154	45.3331552191326
68.1509139333623	31.3879078865926
68.5207863191705	16.5579886718458
34.3550761390268	58.4295332703877
10.5328702882551	86.9662137175753
94.0790000344063	4.32695583641853
50.749723869725	46.5497770097804
65.8646088865887	9.0537145775993
18.4967668347511	37.8447290686167
5.97979906293554	20.0072799436782
45.6828487784056	50.3055793933131
15.5337636897032	24.7396202407496
3.6294451000306	91.1710732575371
48.0981528517316	16.2358534132297
39.8243021405415	16.7944936159973
46.6374721129599	21.6011369235819
10.5781896089102	14.3477961953486
83.3367686175447	2.90792677686919
39.289162279707	54.3302770025703
8.79238178431633	35.8303961510912
13.4797974086738	33.9552302537277
23.7707084155505	64.649465291132
29.8160072554909	60.1296887547382
57.0386737385013	39.9307554308003
43.4888467860822	9.14824488998775
6.21630400708704	46.5965814174137
79.5449704302219	4.45599663278833
38.9822731907397	35.860995685617
62.1232108502291	12.6822418592322
36.2698936072504	20.6529203432859
37.7654524230237	11.177717620124
7.69110191971581	1.30846044109597
92.341549365009	4.33155251868607
27.7389262466407	39.0088179796044
69.0281743505169	27.3215499368131
46.0325706498849	31.9865124914732
18.3862367730524	22.8359264427963
59.6013637537143	23.3464779906657
62.0647924775559	28.6388914234186
46.1641457612459	22.6245268353375
3.05511169277835	18.7545862601859
51.6247459927689	22.2253311994604
33.3701730395528	42.2711956511583
44.7301887649718	4.39244825597501
80.5784008375268	16.7372420508122
34.5072040960692	20.0158862490281
28.9314007986949	18.4196695305499
14.6773531635652	34.8324753971922
59.3908062015617	14.550139389257
34.997079770545	54.4936990619142
26.4815617010377	31.2738336302684
13.0614695665713	80.5508673566165
20.042894044911	41.0878530429154
27.6025238575426	64.3540231345007
42.7859115613559	8.50370154180736
3.65608409217376	13.3542867905247
61.7946049951923	6.23023868828557
77.9163540703786	0.917539233769076
75.1897058799815	5.45601039447636
2.57645244830123	66.0282614482698
81.7401622802672	1.45753845640344
60.7891611572305	19.5002426484135
7.22995153964961	6.8571573155267
28.7021035462162	50.8871046597544
10.8940552970832	21.6427929800203
14.9315944011005	81.5449788614851
5.36116147663498	14.5868836504346
3.56486197727027	51.9510122723649
34.6338300661341	64.7382172126035
6.39987010806793	61.8688816958428
14.2310823845822	28.9275483828632
41.4293785772423	40.3183900938921
8.75844438968154	40.5378381444783
