38.0421912940416	12.8978568189302
13.1478880127649	41.9230872960403
47.1795757055188	47.7991874552328
4.12968248321194	37.6528384804972
83.8872575591725	1.89798413864243
55.4984255020965	4.41107736174533
23.7276174238546	60.0418301578806
52.5228727853498	41.629908439531
12.088003853377	26.2029892421341
1.39789348533279	45.9770706230668
13.9672146709483	2.3789989307425
17.6561662543827	51.354886103121
32.8788106948504	32.4593663366788
40.3665266653367	18.7099965842022
38.0322189713047	29.4266850358931
37.0246209376606	28.0459385961508
15.6883513162324	50.3722175259014
0.809852965553223	86.9448987706308
40.5251938107075	1.20250508245197
33.8319727842845	1.75068355246945
19.9966722261145	32.5323714560514
92.8808202933896	4.59162746769918
19.6753034925439	24.272066692017
5.62737370171928	22.9806365552268
4.60528750187032	84.0420652572262
30.2887193068344	63.5949971450469
53.7972568319166	18.2784024245471
54.8306677745798	40.441931709853
82.1334703276555	1.56848738043033
42.3446992609392	51.6241492943951
18.2312814603705	36.2815354188353
9.43001280977857	4.49224948160921
73.0488630817499	11.0967238485332
47.9534267205528	1.71826980156743
62.2469282067599	4.75049591844459
46.0872639185224	47.4335468595072
4.74935509485628	60.3072699905873
13.6661749396781	0.113038020261115
62.4193470284433	19.1919954583012
25.4174937146797	56.8787882369379
88.3281086982824	7.71174300821114
26.7905458001376	30.4495234184198
16.4085486048872	13.4487847394537
26.1648877180018	39.3759584237709
22.5959043589402	15.8437236751633
91.7524876034597	3.0149852405372
42.637636672071	51.7217903173164
0.639550807252317	91.040926003382
74.9448153073642	0.812082877760792
65.8948391982796	5.36813996982209
