66.7868671318455	9.12683229387125
0.496167922623534	86.8960747434274
0.0766168348847967	64.8977457847901
65.99650167208	19.1549498677044
29.2851023978019	69.0145681933568
66.0876044379955	7.36328242689524
28.411560611991	26.6405679409581
93.0160536398255	0.968276383806149
6.26643747383097	0.667480891881269
43.1485176287352	8.92795129163561
7.27036046202777	25.5251408673474
1.44875305772235	66.877211847751
13.0448917919048	51.1234531417133
60.5684334694261	35.1031879592236
15.3733647965702	20.3343502340533
67.8652269150434	7.1263116351917
7.78161571723484	63.9124419372121
4.47510667353641	44.9470597994267
33.7274074245838	15.370737908115
49.0522654955519	4.58896854174741
72.8914572265425	3.75996153045444
48.8469259575228	21.6752213992529
0.383347505882079	14.9641512962823
40.0977375638195	14.5774514482252
17.8880568677038	25.0445033074564
32.8022539768378	35.6751619072981
4.4528446180992	62.323300662601
63.9040990564526	26.4197755728009
33.2388548800903	30.5478485909048
12.0631904397454	20.2602340934147
33.3383113301072	57.3042406967395
51.1025391291373	13.3771035882538
19.5427843926208	65.963671619987
80.3726715875662	10.5681565639415
39.8558624740019	42.7389681538283
82.5013040949131	12.4263981880743
88.5254169760856	2.70919362209234
22.7536336159118	70.1312085940182
7.25745018909567	58.1438757284283
17.6502992015566	64.0370460525328
12.981312867711	12.5420198834231
15.706981260193	14.9418892408451
0.191472843378537	58.3420855264841
25.5611012343136	72.673818875418
50.1751770033385	36.8747364435693
13.9951483411692	69.3242222859171
37.7589299985016	45.8529874895946
66.7573217613424	28.0210022479394
50.9839160139598	33.4456349878784
20.8871192861754	38.5605192457142
