7.10134972217556	25.7672277864847	25.9541339827488
71.7197693287021	8.34635366143023	4.68266490133603
19.7793583943412	1.54823586416814	49.1269946792754
1.0958013595528	73.1409143997081	21.0490812645522
25.7873868224152	19.8064351080947	41.0056280163143
5.80018875459218	79.9020085390201	9.63632092328571
27.0817077379123	68.7503573804863	1.79617232726709
21.3068751251823	6.63322392228675	9.38256602239915
46.4600804012549	0.518073421212879	52.9082387932149
15.2432143759184	54.7666896389642	1.54526550394728
28.391312401924	30.3176157783333	21.8248247736249
10.2293142165194	31.2168660253365	45.7513837822487
18.3187760032335	46.2182483385402	35.3117879644557
71.8241246285961	10.7459338897587	16.1030650213841
25.4058238702853	20.7174581572029	26.7425096252665
39.5943454651136	31.8327391202714	21.0923215472569
50.2497124719665	26.2597406405302	17.0181330372664
22.1703509903375	49.3432244515713	13.2209736449742
18.2650677013514	7.0465151253373	44.6302266067966
12.9034179788564	16.7121683790871	2.11751470440883
49.6326241407695	21.6917798024098	14.991325426377
72.9822161015972	5.36258355964095	16.8352536935523
6.16787355680385	46.5321888432522	9.75966272398814
86.6016301264063	0.787530094751869	9.35007539081856
1.00715630734673	24.1202223226988	17.0470632692087
72.6227809547553	4.0074911918526	6.37421803845755
0.866816426099658	10.4010027416055	53.25339341222
2.020600113096	17.249576429487	3.54512464420177
11.7129693327998	36.9069021367034	35.864777320933
0.165714416730085	56.3276539353317	40.4421505706581
2.89082666993645	14.3553575102032	25.154527707563
61.7190546177882	4.25178529892666	23.7815864960577
18.5646197845063	25.5757675625271	4.53054309102266
8.71978947367509	28.2917037737983	46.4066771540822
15.7650788853714	24.0976492986538	55.8697999715199
19.1562832888012	68.4345861749885	7.80246858848374
29.2210307108336	8.59977901382361	58.5380525600808
12.4177218472668	0.641549052969343	40.3686636315513
20.9636740018444	23.2534880392502	43.9163893665729
37.2552581304942	30.5598604169487	0.684824586233508
31.0199954691436	5.07291970079435	33.7780937709744
43.4406943355877	15.1048038690839	17.9678418757244
46.6699821160501	6.23526266135055	25.4869407161544
34.0516358306872	9.7941141155521	38.7051897303691
19.6296841928874	19.5496131291378	24.3410976716974
35.2361038956959	39.7763056865783	5.86890080285673
3.03767216533314	8.68633510949385	13.5675684612093
11.2714940734541	4.06365026909097	79.1559073045644
5.63646508643239	13.6825280793395	74.5275275197474
10.703189070664	22.3232603735864	26.9579139197981
37.9922320777514	14.1218177108661	11.2915939238349
12.4551886750642	17.290371571337	11.2002521805466
2.17827856642114	84.6832651573621	11.895534820806
57.5366097304675	2.11809938872145	26.9904849245169
24.6682090333981	47.610082732332	15.1177516277496
16.8527701948084	13.3240721716192	16.9165989462829
33.1014919248882	4.98424843185779	48.7973034143435
24.1634762027131	35.2609655052707	24.2695958932254
15.3338565096882	6.58582863704573	62.9486433989129
42.8619542824393	32.8697462253597	8.96346420467061
12.8046556901208	13.3039833108447	26.9204696300069
10.1825675508858	36.9929620237057	29.0279954807032
32.4145036900484	27.4771657434652	13.2337457562023
16.8443189081011	27.7412644716638	17.9952103728406
14.3474278572702	4.41698143464373	59.0220351512647
17.2232796983902	36.6064172874235	22.4338082701125
3.36176091961645	62.3927872918513	24.64543889493
10.6641232085713	59.3877833613138	8.98440564469639
1.45971155793393	34.844483917041	2.0113472836145
31.8715179953126	33.6760768358019	29.367154198404
36.9912787047174	37.6508396759866	11.9501597769326
12.4529742228114	43.4466502365873	2.90382402152932
51.7672396040369	11.9390317760124	19.8514314926469
32.5357693864665	6.79178517628079	17.820613467051
36.370615072721	36.8638487238734	16.3207399734858
0.00830404460816832	80.9956830372082	6.20685308529383
26.5758140602036	41.4259426954323	4.42075757515652
6.1139253462264	80.3203981743755	7.79817989459177
3.53069151916108	86.9265008191236	7.86095215373717
54.432292540759	14.8117534885238	28.3924752512912
23.4050571561815	2.00203806255108	67.5530596485143
46.6618620076505	5.98503118659604	20.176477879368
16.1992887576107	40.441944003311	18.4058960147229
65.6634500090328	16.7568362861671	2.32226685728983
9.96128586584762	8.88167852949429	0.546860043214103
44.3231292275354	36.1270119604315	7.45771490384718
2.4468457337687	26.5797811218443	28.705013137639
41.4418996970364	16.8432817872815	25.6356684144752
1.37088052060962	25.2196224989461	45.8584151909959
3.61890662630038	43.0582417375679	20.4696467241597
36.4080035297237	13.6414677899524	13.7263560265891
16.683377473002	29.7044971164803	40.0992138963655
4.99563124263456	69.5543816171374	25.4105004134637
24.8572274226962	0.654259836605871	51.2900053762319
3.99633152596482	7.07554044531451	7.33968685722895
20.1673991140758	16.8222243044629	41.582083162657
26.3614907983511	1.33812436896289	68.9676759620047
41.0755475708635	23.2650554381614	28.0680189971197
14.0639420198574	12.7940399166169	17.9379129400188
9.85705103252877	0.740760146053862	22.4001420766116
33.1397749637904	38.9521616226771	6.2992444756903
0.208081724219062	18.1578458837037	3.08136819073994
13.6745440371682	11.8726290352049	39.2430452347002
27.9087891932152	26.2803962576577	4.41704662722398
21.5098583239642	29.3242836507616	45.5598041161708
6.68446985384658	11.2143354076959	34.1521428125688
20.9423092291422	44.4655146191202	25.0247441348735
5.91995609268544	28.7832104734998	35.1627267129546
1.71311860983871	74.34488421974	2.92590940507404
12.552268529568	7.57367955873426	42.690708368407
25.3683252843881	3.79488025968656	59.8828666656664
84.9657265399423	9.77379307605968	0.716219563370673
29.2880747138001	6.64039128769207	45.6849343356141
44.9880081904065	0.703896442756008	27.9946946669345
14.1979323300523	15.2776171058778	46.9745593829893
76.7169648207338	10.7274351225828	8.78971023894367
68.9276382182388	18.4561767701321	4.62364587216808
30.84020569494	16.0827133879451	42.2052308182256
13.9576020715561	7.54780359917684	1.25615322089575
24.5233501421862	36.1837643832824	5.2103626566056
2.32090759199155	37.0309520685258	38.6023674339998
0.424659205798367	8.72006984833631	50.2970772563932
16.4445228951259	45.5196624833716	10.4707886047991
3.25077921303491	20.1478732843641	42.3526033490676
17.5598013296536	3.33137894204416	33.9532209718382
39.9198090377822	22.2335104934096	30.3968025047317
1.77881731734556	8.48758933529611	66.0185085916978
18.0640512230173	24.435850803012	23.2480681143925
35.1632001973517	8.57628407356156	5.20201982241218
8.78357491864989	7.10611567232111	15.3714782164299
18.6140420933319	27.0554536613894	27.5855428667672
56.4363580459898	14.6516509422342	10.2621297399803
34.4749536991468	27.3165370464868	23.3999583979137
0.265549402807629	24.2047633622795	34.6089373503853
18.9623399260279	63.0434504538046	12.5132098852253
21.4946854494022	21.5639392014425	38.3437065120524
2.34206533168539	41.1873810650722	50.5393235248231
33.8250801590388	4.51027183072188	6.89375126124069
10.70926446035	64.1308096070452	21.1115291440447
9.70748048727749	0.305257644646455	9.3073325275012
44.7285586710687	17.4612246535072	24.142966477267
43.2658525385269	33.3109558249409	5.05476990018728
26.8320493990705	10.455980296459	7.27752140130732
44.4714405315329	11.0422166115801	21.2192231888041
30.0893665897145	39.096853807148	21.0414091688774
47.8146809841575	31.6449451873288	20.2226681263292
43.5851619316196	4.59688524929661	5.93601428248734
5.78379724444067	16.0128379315198	37.2185468847018
44.9108646926055	37.1713494123758	10.8002590065823
17.684758323098	17.5962998148037	19.2022228702913
0.640211208090285	23.0672856434562	10.9719954016488
45.0285863340965	34.7846647420827	17.8787511856662
18.0163240144105	54.9052890180169	4.52866987536134
31.1178423609202	39.9777747411177	0.30431272476181
0.570050813523145	59.5303470546055	15.2166351281184
62.2691554307328	11.2757563177849	6.70840191035923
7.84210688799718	44.9998735659755	43.2885670304711
6.41375873536512	12.8747587152174	68.3796168157736
11.0216178051297	42.8261487012851	45.1777433721245
4.53624385620292	1.58533379509362	2.0205905670396
12.6536909549747	83.7144505156737	3.24315251933558
21.7003889948597	22.7432408941645	5.01921312185899
42.1784342463028	47.7562683856842	7.20137390643422
21.3020708976789	21.6338220153161	5.90505963466366
23.8459174166647	21.3306167262283	0.762012182158424
59.3234030340442	22.3574779566179	12.1560453959536
8.97312537253514	19.1581382039739	51.463050884876
7.95225808767241	15.0501289475011	15.3702639114905
44.9337979056564	13.2505090503257	2.33888453912869
37.381052569198	41.9791221348472	19.6687251421012
70.6720963449553	14.3896051283877	9.10696890629221
9.81716085682491	40.9242878858579	17.4829204648188
12.3137888090284	40.2154835128297	27.0771390418881
16.409882724476	27.7586507274577	10.4473432574642
11.2958352134078	11.9228436201452	43.8633123151321
