29.4996929492334	1.45619651370505	68.9626924083395
13.7532005616246	8.29780302396873	20.2724845243024
32.3092891053806	1.55963730139641	60.6859494748926
12.8518597748372	36.9650596459233	26.5430043575089
11.5095768643122	23.3102101475514	44.5806496518574
20.9294117153294	55.7030303197461	2.96029043521746
15.2254241589575	46.2623981043056	7.23770894447235
8.65336251848068	33.0095520396761	9.66826677772601
9.47489547984437	18.5014100831474	59.3943126310568
44.2286216859839	4.74091279541185	3.30601432514657
50.5668909524413	25.1286558458249	6.16290816392885
16.8849083673604	43.2129376769126	31.3476642274054
5.97940711582983	3.72946993621507	52.1714548823291
48.8369501423263	17.4868867814014	9.67481625716892
2.01092218142511	28.9089244924993	64.1484319065457
7.92578710612179	7.87280025327243	32.1800169684831
60.5008251781114	18.412481722614	6.49145781364826
10.4270330678797	28.6506415012528	2.42271027640566
18.9947970299957	30.0077742105386	1.39260459756134
26.5424069606431	41.5100970033138	10.4964427698853
37.8305179243118	21.9819389386018	28.1553329099693
14.6336382788763	0.0930706505165764	5.72434659382531
37.1067889673201	26.8975801425509	2.42886706368479
80.0510897673904	1.06156170417627	7.20428624525866
4.82204226070179	15.9542316645171	5.12725487590174
47.0562510411517	20.5501851255774	30.8427233858233
40.2057903540348	2.72591924421765	49.4749168164446
28.5723084251267	24.1434951890928	39.1178798112636
7.51800216153171	64.7337215788354	8.56527015965677
11.3177091401618	7.75126428704302	76.4570466598762
21.3376491895586	36.2666603346666	2.2076557400672
53.4381095568827	5.05287782524381	28.6887999757607
22.8061313847108	60.3641159647909	8.95105526268066
74.1635039328428	16.1066808812817	9.12918425590228
15.6254987305149	18.5683013026455	0.59611070928914
8.53307354661314	71.7336376997333	1.15564614588192
76.2690255773575	4.443113042248	14.7085254149086
34.9708920507556	42.8441405495834	13.9870720514967
10.6960707393922	1.04306954939061	13.976520352986
29.1800222961139	7.53059615731733	50.9907212811479
13.7880551692974	43.4064521656402	10.8816894287624
23.1054563182897	4.36547342891128	8.53271214688789
27.3640227631498	31.4465619304434	5.44323674656601
2.594668326245	12.3672533372265	51.9663887340419
13.4206117193311	0.137517089088223	55.7511601391021
83.0468782610478	11.4737104212277	0.101296743425213
3.29730706442953	76.8218427788568	17.2236361155397
14.6636958767957	9.1661884957767	62.3324466228171
20.8284826580568	18.1703195991788	19.1989108543838
7.51384892850828	39.3641796146353	23.5376037766866
4.36293729784104	4.79481988809762	90.7708885570852
12.5767545367483	11.6190137395724	60.5023335481539
6.59666704321125	18.0172415534115	30.5626771089447
34.6441256043707	4.94325566335733	38.0997243049088
8.18380122454083	24.3348247484932	55.0898956857109
70.2424158669274	6.0186917455954	20.626307148778
6.25313367054478	15.5880183054078	36.8167736273337
67.1882545888369	21.6060709774522	2.72127916231811
1.76806077443439	70.2561425372288	2.62031527358122
11.5520411224812	8.30742274797867	13.3924572790938
29.9614768149152	11.0609437390514	33.285257980826
16.2154695560296	9.62784574815437	37.3263730375685
52.2351224218659	23.8450463506603	10.9612338761619
71.8631040639538	14.7201444556565	9.76544465393081
16.2551542354073	5.99197610560431	19.940418712767
39.187966538215	7.36436513595486	10.6855824639488
9.07491892998802	30.1747621177578	29.9981204466886
16.8721654065289	9.42974817446887	40.2348980960599
16.5147567710442	1.78635693238413	40.3669342586617
27.378144314223	61.7424984284409	2.8129455180899
2.77610770555963	10.4131195742698	22.94746517341
66.6461736739828	0.487866951379863	31.6967966648269
39.0110771353408	22.9808642635964	26.4761607751605
17.4194690852517	25.746429583871	55.7356017435601
3.38616836973753	41.876777653525	1.86100294900173
40.6183837170798	12.2295301930185	1.43140060893791
8.08972162571257	39.7348801324772	30.6440860175733
15.1753727417325	11.8169069345188	45.1350946655195
36.3546351605815	7.30518983085881	32.3749824112165
12.760112254303	60.8869640905815	2.12061447190149
29.6853021391133	39.1118927109576	14.5015061434831
0.405487138966791	20.1756894682421	35.6531071642661
9.37370174069595	20.5272096770477	31.0846279985666
44.5033088533689	6.79866322632817	22.7309999627671
32.4407942278501	0.235713087132067	50.1146692084683
55.572752494166	19.7184629830152	12.9683603593001
39.7786420489562	8.59267763262274	26.0986827435431
8.03574058601434	27.1966253068282	4.68835979918407
34.5893020902711	15.8860505166864	1.66741032231013
1.89909641719381	3.35992514312264	66.4783246193446
4.65088798881084	6.3921715162658	0.86061982478044
0.254833465560728	14.2424947182846	47.0963900196815
22.4781966407216	17.3325080970919	58.7364068528341
14.2311469252366	8.31160247712936	40.3373519612184
14.8163976682426	51.0619060839815	8.05357769506684
6.54887222058553	23.2628803342874	58.7825700448745
4.17923187100293	0.635440042538308	16.729140522298
31.9870401322781	42.957468443996	17.3586698329815
51.4239400399029	5.86235602659283	0.452134339349407
23.5559957211632	2.37451573013073	52.0482531525419
38.1393894730785	33.362982717046	1.65703501629505
53.8740514097149	27.8679443187397	3.4878402964621
8.21759198243618	27.3380622395026	34.501569175395
1.56767484804973	7.18546836040237	78.9105126536035
70.7786446301167	16.2125170306361	2.79076337012964
37.7456697345458	11.654839716691	2.25951736898139
33.0024316594947	0.378194311809817	53.38202270371
6.36589797510109	37.7217923466683	41.0090957027902
21.0844486584349	9.92089328818065	26.6565940932634
46.4893810667514	13.0101167191798	9.44046061925611
5.30553278760311	10.723588806914	73.1230053925528
3.50152994669114	47.5146904343342	24.2517949194889
36.8176840417169	10.8280081352349	44.642117780001
48.073318809305	1.99563484731858	10.5892958168822
54.2855656958584	17.493019493992	18.6614973557468
38.5499060799134	15.6961524932162	38.7252390099341
18.0251849433524	14.1883661570905	61.4701216861001
45.4258496153289	20.524721136561	1.50778633612571
6.25831131183464	26.4398228500224	5.05475928310992
13.0618539699641	2.96038100633788	40.1131816395154
8.08497597839915	26.7957641867901	37.7184963495091
1.999832923524	62.5163167540526	16.7975172944355
42.3207274835188	16.8030195016428	39.4067744907955
37.5876628968807	29.1511322973068	23.6344851663497
12.3157989291082	5.27496948152546	54.4098134871618
5.34124612125626	0.647846004296022	31.5699466185504
50.4645232346209	1.12710814044211	41.69577720654
50.0146431149983	0.072336057234712	4.35254443639542
1.18446722681842	22.23130009241	63.3585484993451
39.4190748871393	4.65797949799242	36.2594416999535
4.51180115552237	27.8993752449282	19.8447390086226
63.3622137659053	18.5884649951889	1.33960726733301
53.7636859592812	21.5356253653465	10.3118936579264
11.8196602034474	10.0762759847922	9.75351362012025
8.25525527273084	4.97941700973521	84.4878004325963
23.5295065788224	66.3934547763287	7.67638879254292
29.1516959337293	8.6722279007883	45.3010113189467
9.79370810547551	9.79282213830986	52.0000755563379
8.65584565729641	2.25491658889452	62.8932852590891
27.9906829949425	31.5797516291867	28.4604388421683
4.09089531939984	3.33666801608012	81.3695932651728
16.4420303965183	22.0980332801575	25.5782513998348
14.2919673650954	57.3798066737968	14.4857623681825
34.8774277301866	15.6779671626529	18.1912317491096
2.88218744233352	76.4538717346517	12.0763662793098
70.0736906240106	10.0625766488084	3.70627148249479
73.1462995396677	0.959056942238965	11.5270719917151
38.7792686646708	45.7372837912931	8.93011736168066
8.01895717532325	62.888756377105	3.22953513973837
10.1792441262767	38.9144997293663	39.0869633942316
32.2859915123722	52.1184437219605	0.583553547311366
23.3797152169886	8.18773205773334	38.0814764826007
26.9021374764397	36.6177797022358	34.7104553294882
68.3235385773347	7.85921141871215	13.7088143796235
40.6345589275633	40.8238789256773	12.2558256202637
12.2232360822257	72.5012876430998	9.01160743507166
39.8174977581098	5.09205810031484	22.3946181695883
4.75757816096655	72.7616652719498	14.097496314951
29.7695542358652	10.4472059805166	24.7262816991314
25.6988478944166	15.9422370213746	4.30770353614711
18.4448298618406	32.5129937531953	2.41239676364343
26.6226556741738	9.57111451289203	63.0231609861474
28.8607657555774	1.09985447539941	33.6004913941028
2.80753239188694	68.5022644086286	28.5106260462248
2.09679128699787	49.1122525414043	46.3864316448506
46.7744551351175	14.0748879006481	21.5151790629677
29.2316830853148	34.144317421198	17.1800573902112
2.48889038455155	54.0435343766788	34.509421807951
22.1061482662829	58.0345921954301	17.5086434546433
91.7120411487818	6.70797075457311	0.211962359124777
21.3349846291053	29.0839081299882	35.1765978779535
9.37044872407357	14.9224275792588	0.185630517166867
14.6648996112239	60.5031187462169	11.2523653596883
63.0929549984135	11.257069516581	0.570568582308743
41.4942127845689	28.3171904870855	5.82823241400916
