7.18744499943566	30.1756176306753	38.9200583281555
48.4008844701577	25.4348334974772	5.72070447063106
23.8929293229677	34.7622202871191	32.6827266405722
12.645930290523	10.0653315009853	67.6967714762766
43.4423186552908	3.68086239494423	34.518466114308
8.68197717176842	32.6400813798607	36.2082987726705
4.45850393942488	24.3406346646792	13.0570188691174
5.10885003260749	5.30272731804416	38.8248481968533
11.5555803345309	10.8201357586403	65.3259970551943
22.9896341557566	44.6793838146512	31.3553176966288
29.4912906966597	13.8404421107101	12.1674085092579
0.959284231513405	88.9145840373424	3.58187239783903
33.9706793585656	8.90895226453848	4.95900120817078
33.663667940378	0.480027124509228	14.0821577115367
48.2167482134964	17.2422316936973	19.1423344049334
7.20840730108712	20.4100082257809	2.24617407761802
51.8439636341501	15.1542455494191	25.9133583521067
1.11142117581862	36.8519186679516	44.299041034793
22.7155275748649	37.4215685936723	25.7789857805609
2.47619790140362	44.333133634335	20.8839299720172
33.7545723811512	23.9478555153813	32.3957658523674
14.0193314356819	56.8989582624747	24.2055347767684
17.2179414039561	13.5852327167919	30.9626689324913
41.2170951446598	11.432977584858	27.3379865695434
40.4357631413433	54.274863681884	1.12702339008778
14.2495781715259	22.2317618421427	15.2122103679982
54.2986111036961	18.7931822234733	5.02273584949911
30.4956731528489	40.2741009557033	10.1441375492812
14.5345779203505	3.99438776261843	76.7890583150038
22.9558776239659	18.0238870056457	49.1184927751862
6.57463367403235	34.2338491856278	3.43499845053768
34.6522127439511	40.6735816694207	13.2229256505253
43.3328028970085	39.7640331833456	14.7987944608549
28.2336775344953	7.53979552888302	22.2502139500576
35.5967348607242	32.2723988128232	1.99606544431116
8.99893180886234	5.90930911987522	74.8659445787156
12.1519176346026	30.9061638223502	26.0830449061855
63.2643990513237	4.52167364047918	31.521750442461
0.550428591924919	36.0393240750019	48.970308550154
30.7042355792151	6.83167921697333	31.4447850601025
18.8501620287309	68.670870861351	0.175490742631019
9.19942129831734	43.2132084123852	3.27893947403829
17.2862769650697	36.1982816998839	29.1026904848882
26.2166151433329	26.0872841002826	2.42513823435881
21.653511012743	21.2575726310059	13.1821576567284
87.9758391938991	2.38434705062972	9.31109562949794
25.2176302136935	27.9286245945509	12.2971872856362
27.6626784483263	59.8321882355177	5.36108985792896
3.45887467426196	27.2267032075798	43.9512322861474
30.2207641444266	16.8767570130884	44.3305810654213
27.3637309332209	50.6326863312315	19.7675204462221
20.7046784091297	33.1464045369748	7.60201570000593
38.3220771040405	42.1849193247896	18.3871814135402
36.500921070809	54.5596200295536	2.36537563724694
28.5037447831145	27.3548544977581	33.7893277564036
36.3492165861415	7.57997641692868	20.7817696597342
41.9319769097175	38.8662972202833	2.04062019569828
0.845116889497785	42.9920908729509	38.2045246838613
44.7860118675912	2.53985528952435	6.72071180619333
11.8081695455165	63.2616140708614	20.6592554788381
62.4767187342405	5.21241352204811	22.9938311609411
7.08304681213714	29.4313677723666	21.543263328049
16.7662871613942	34.6552417774942	11.1260672151698
9.19265472758219	43.7708231824314	28.2954620794838
28.9842170332485	41.9540352383414	21.857185392574
57.0054281302753	9.45233139649608	15.7598046659305
4.21855841028437	45.4650874927012	2.04807212671641
37.4178331053899	0.333901913992084	42.5912910339382
64.1855599191904	0.550344679760907	27.3862180427584
24.2235798967181	17.5281271885746	32.854024103309
33.8074381154997	19.68615223639	33.5014526888269
26.6986567651381	56.7861876249249	3.67247308775432
62.3575893521111	12.4129295872585	18.9148093196167
41.9008062416226	45.6364638850263	8.32663081042777
13.6149442818085	17.4703291698686	30.9960870682244
26.1396358377019	42.6037816063519	16.6035924649814
34.8821177309761	9.43677281468957	6.01733913925352
62.0950808106433	13.4815783768341	8.74607079138331
1.28577859200806	3.27564375627583	56.6186650919815
52.1103206333287	7.01868851064643	36.1996910703367
8.75759222952537	20.2195013501772	37.4794512230342
33.8823149604175	1.10901123895729	51.9114264528786
30.5767746318955	8.27888683801465	21.5373016528493
15.9421495701848	65.2065360756621	11.6687533965654
0.379363401038276	2.99987029423931	8.34286776759795
18.3825702957728	27.2016969636091	15.1663750480704
26.24871825159	34.9885378661512	8.03993316741657
37.7570175741599	21.4421550377468	24.0957435332685
56.2449649703898	21.1625330248673	18.0495576085754
28.6755978728997	18.4372242160315	46.0715289442202
38.2204275756238	25.8124120653665	32.7127745527368
18.7754582235475	7.93668371994825	16.3984977250912
60.970401932006	27.5693670974902	2.72530880883583
7.22807967440601	8.31532166726669	12.6015754475266
17.0176553153515	19.4449693520763	17.8757283454182
16.3142768276456	44.9227044102376	25.6958852641731
2.04052971771012	0.160362431854178	27.2600207139086
56.2835800723562	13.7609280709927	18.3525958183932
8.3457768933595	6.36014379857115	30.0455911690582
16.8279133349787	34.048934808955	14.7692382404437
8.72000703062863	62.3893588140557	18.5759604063704
48.6619581695003	9.61244209185822	1.73090379765765
23.5598113031871	48.7138338148193	25.7600336921215
17.0680513219293	19.1040849867762	27.9818650465374
32.4216004146364	1.64446700440928	29.4058531659683
24.4646090196746	65.1138278027595	8.28306703282663
8.35469472611076	22.5598108128457	32.3644981404601
0.127036497056036	24.7954059973338	27.2425278216798
11.2142658378995	21.9678798792734	8.31779390960829
10.5850738522527	60.0994749274568	18.1441907389761
0.338686490589141	39.3780983702178	27.4270695761903
2.03976309953246	88.9127706591565	2.82752611806035
18.9247339120716	18.2402324947716	5.3581974028415
44.0728433635425	50.4210791785368	1.52550609853375
33.2297586990659	14.2839806220885	49.5993323389438
21.9396924236509	4.84817470649638	19.5134187673747
23.435386048367	24.4289111925424	46.7007768092215
15.9402107894142	32.7986491531127	11.3776210748486
68.5845964441936	13.9638269385154	1.8014462673112
7.67224538497266	38.3509716663281	50.3095293651845
8.13579769252604	40.1269048639233	18.1521511721202
18.1379969781907	14.771602216536	3.57258203605776
23.8654218259572	42.3643944982273	23.9601121861302
49.4132036107654	1.30700324722892	33.7772199575683
43.616150852114	11.1541212588335	22.0992007861376
33.5605476673509	32.5311105384171	28.3306397629579
34.2229982066075	27.9548785313754	8.50721118436531
51.1864131089237	36.3169104961291	3.09797451044339
1.38045344566016	3.03235533788444	12.5953348412157
19.3407499787122	11.5901004577009	40.6224353428103
9.79261836493044	29.3810186113142	56.9013088275219
57.7610208456223	31.2819439597809	7.63542717678259
33.7087828357279	56.4283099753914	1.49317863466832
55.0303262449011	3.99509081803034	2.70057884170701
10.3281562264674	54.6791867141981	24.3993817476553
81.6013834353543	10.7541791679124	2.83091878650287
56.6982273742083	1.11092557251031	18.3881148315911
3.99686987697932	7.21569154747561	28.9434997965319
18.1513696993475	38.3373573135293	37.1267941953273
41.5321603610796	48.3910609727684	7.51503599226244
27.9274692888965	60.2849698906229	8.26045372908025
15.9563355222141	2.54022469862375	45.3500187235652
36.0488868952025	2.35367477981079	52.9587568496162
50.9741245075009	18.6660816514241	25.0782729243293
34.9311305838316	35.9617670234115	25.8158404965959
23.0912086661398	52.3494004050034	16.2896856741466
3.23919626103677	3.6005504911768	66.124254263064
23.5775962581754	15.9050402305578	49.3970777138123
12.5696319213927	38.2086354485753	13.4352936471977
47.395757142173	36.7363795809151	4.9606807087365
2.85439202694893	1.10700330748549	61.9998370585962
26.1586626647779	45.1790361875571	22.0228546867254
23.6670577543169	4.48462953999854	69.3961420885269
32.1120813638494	21.1753404797871	45.0508044776743
28.0944267418675	58.3095052551057	0.803233497218803
28.3777541613103	4.2921741047372	6.26864284568869
13.2549164412799	32.019105196008	3.04764406897484
12.8767781950891	44.8051784861857	41.0873717354086
2.39611673280416	31.1610411997703	24.5152960179911
38.8777253399034	13.6553955327977	42.3691526718294
41.9208884900067	31.2254688847929	18.7734218867372
39.7311834337801	15.0432623527214	41.8306388621361
36.6308689753669	25.084985804318	4.64302995458386
8.66440874927883	26.5362253536173	24.0364257823845
6.63221660378958	68.7276089418342	0.590070151067372
3.21035063975041	35.2106127120604	29.292983621961
20.3112295923341	12.3747668752329	16.4739165066154
60.6652929264425	12.7952454671242	5.87325976503699
6.89158337511662	18.3884835421985	69.3480040269662
2.6571451698696	70.8366074929184	10.5964543812892
16.3750339841354	29.4772682848746	15.7267008515665
9.02903480875726	33.7726234149992	14.5403693963496
31.8650700765965	51.2250409234432	1.73305515280601
31.6724601349199	49.7849316102382	11.1697146721043
8.07405147146157	49.7767385327149	41.6241566378736
