2.04662918208476	90.367947048679	2.61742551932923
1.36602823686135	20.4124433083518	40.4023333175119
26.0601557912585	32.1914018281695	12.8764818948118
35.0868169847349	3.44684026364556	60.5977761841369
16.3531093468671	45.7726367031097	12.4923546856699
19.7813141717489	28.8869294006782	36.6736401043244
7.38604818814716	2.35932134201719	31.2128249701172
0.65923845426144	22.7357594867869	70.2861451405502
46.7579543808279	12.5278435240164	24.2906476484102
19.1426740582765	22.6659909461932	53.9191853506114
30.0719157001339	11.0387699264282	7.93912052546587
14.5008469999306	59.7231624926083	6.74544191302054
24.2370586955161	4.827917695431	7.08913165474736
12.5219747016774	24.3731944003949	8.7686206254962
47.0471973750029	16.5228457732698	10.4553844362755
0.618751440485358	40.2645912208895	40.9156258408519
1.00493985275037	52.8906632926737	29.9574516387458
9.81305577317861	47.5431659014631	7.25391563365884
2.5390229199729	4.94602639458423	31.5272638721053
19.6637103425636	6.1542112408924	12.6981205366077
43.1563244867867	18.4399430260248	25.5550338074356
27.9115011579876	67.0402736715229	0.538830273104287
51.9363864566835	6.45227916839173	36.4159380255341
9.85950218041404	13.1536432137497	72.5609425327559
38.3662475917331	0.179428979838001	46.3900648739143
5.25594279414785	44.8964623477759	7.23907612601252
1.91283179536128	66.1328763077654	26.943920472145
31.6632591335398	30.8427166803008	4.74128746648379
25.420846149987	6.25129849941065	61.5127197753232
20.0935619511146	61.5359121288806	7.16943675985999
4.86237327794655	26.7883509056588	57.7774253477237
10.6431935497761	7.08482307711841	47.9044215045424
23.4756552723589	11.4565001388344	25.3068607884025
40.8707351614119	8.93038586197905	27.5420867034896
8.52564121993521	1.86632024211172	27.8908589519052
65.9316902355904	29.9934890726551	1.15040536092147
15.7063520586613	42.7571650327915	31.8392158634212
21.0872461186197	12.9872190826513	23.9672248829004
9.06226798382693	34.7594774024372	3.46065620121577
42.4624118220352	2.72231511898447	54.571615371188
40.264053940896	4.7710802893951	7.21723554060666
13.3100977229467	0.90322182555833	64.2685684674739
2.81179486904843	14.8308130981544	12.2134788950037
9.45374356091662	20.1959073171932	15.5319416502174
8.29360830052458	7.64736347256571	61.1783472640339
13.9007158642172	82.7479742387067	0.754392799341303
15.2490711841961	0.525702815747682	37.4475420627033
28.6896923690521	13.1621542913663	43.6911853699438
7.82806543066542	82.3147158987423	0.593562051930261
4.82653295846029	26.4708253678264	41.0791028482276
31.6624346336641	16.2802699563467	31.4868071263129
30.2285308159089	26.9464763472539	2.80451052952768
2.61208252171617	24.7542249619748	1.99963650759293
9.33481273676027	7.19266259446399	76.9890659847246
19.6631609088104	14.2094736519314	10.0218637893078
13.5863256238337	8.82544201278381	45.8932367367173
4.31051771357214	9.47325220772682	29.516213959789
1.09145673974019	12.6042793563587	14.226269914874
31.6669668218433	10.1876295684779	22.042435836998
34.1730381055609	35.4825783220504	7.38715189853085
7.42371939468371	1.82139668698488	65.3612920853129
40.1029738318655	23.6126893775597	3.25403986650242
19.953604890012	17.8418859922522	24.7536509413056
19.1074755131767	8.22264622348484	66.1564512952028
21.4057157847126	7.58889401684929	1.97306783030418
21.6628878478254	44.705561522723	21.8378907636916
34.9772655102318	35.4448053219564	5.03485431197791
45.3185999511362	23.7000188900624	15.151647625096
8.89432859089893	34.3644210297449	7.34523320912627
67.8275417852344	11.6522734107693	17.699608214991
66.0400115261041	2.86554987675769	20.785262957581
18.2423688556265	0.122874788997171	8.44051586857089
30.0196043821143	20.4228508381279	42.1771980552828
6.91132452660768	49.1168889445797	38.927115844063
41.4816594410137	19.6741938682619	9.65727181623563
13.7362536572554	32.7197387501224	18.3664180423908
42.0177901825019	10.8975982344232	44.4340615740204
9.94098713153088	36.7893819402854	41.6246296566094
28.1602841933073	11.3921771810354	21.6640838057101
5.12809916638215	79.2775989879284	0.165393995198139
26.5640942969192	33.3857409811512	13.1336493478779
8.90540252854368	5.90727469227615	3.97267551346341
59.7478183730262	22.88035048306	14.5787380703626
19.2466337789067	6.46139383616922	22.4548230983572
29.3581733151144	17.9532879581457	36.643388651611
16.3033666165096	53.2842184199412	5.6323964640649
30.8657571351462	9.54681593437997	23.2665954731715
1.10625624708191	3.08803515652569	61.1129345656898
8.97243870840056	17.9923210376838	38.7491018226133
61.8707978454748	2.29284935737627	25.176578119945
2.176525491372	17.2980473923022	71.8679752535503
12.8105354089339	29.8035934706235	43.8314964267572
8.06687483939662	31.6303163914151	59.7900755050546
22.478401857651	39.0381376440814	26.0511377481982
21.8399705932662	20.9530086819795	22.2057807828327
20.2548713983292	29.382800464231	15.2042117506285
14.4634590551553	34.1645168765283	9.57378168104858
82.2011089800862	2.22353045932182	9.65533717985048
16.9913088981953	26.492242341159	42.3723058506718
55.2306075837606	9.21891136524217	14.5860809435072
41.8468756796079	41.8662129630643	8.71656109053482
20.7081745475103	23.4141423941656	23.9692212194061
76.3778339030118	0.489878468443583	3.44392866987918
6.45357175099364	3.58673832546302	20.9422957249648
41.3444728783073	29.4269981465428	12.5585134199627
28.1583740507059	11.5663664935	46.750222959905
33.4160102221258	37.303474702548	29.2528943294906
56.4298032580082	23.6272800823801	10.6420564514781
6.1644599336034	35.6519291809071	23.3479258247409
48.526077600441	30.3332898907053	6.50263359141659
47.9454648438587	27.9497939757769	3.75645202759488
39.5967909319311	26.957501576728	26.6290601001256
10.6693151922288	53.4793705928509	34.6241276406795
3.0564208529221	23.0715219970194	50.227837287927
24.807438172776	48.7354126054493	1.97970150130787
61.5478171787913	5.74069242260451	31.5235450079309
15.669397039185	6.82145408672348	18.2388999118651
10.2482932667473	54.6251904008096	33.4617070078206
41.7715211127752	7.73361935640388	33.276819825767
74.9890916398676	3.21978628785339	8.44225101566047
14.5969282903694	4.35515977645067	80.5227371307661
0.0904602930370999	31.1367591056678	60.9162656874006
8.59385459152695	7.10368804033086	75.0036008073965
22.7890257829749	59.5773289723216	3.83392311811164
1.74342705949369	12.2380816900349	47.5213308108604
9.45909508013124	51.9804846271782	37.0408608284969
10.0663813343581	38.7233079591409	8.53398857104312
12.7568879689821	43.849628392537	16.2919709534813
41.3941480877782	12.2979747654395	30.990087162233
24.3956986462677	60.5084015803916	11.9964774753882
2.20341254128302	10.2084855130913	53.9335305122349
15.7858393228547	2.73187575057702	8.20047441320516
37.3061785182479	17.5688111305092	6.34687752758473
31.4026948676457	9.2592128595613	32.7962918359769
13.2341482272531	30.3410329065942	25.442020932884
35.2805809747803	15.6967918927301	2.42869584002937
92.0512076895922	3.50817861198829	0.904013216916478
31.2785075657435	20.1285336726012	31.4265144203913
5.5169741648794	71.9745836555839	16.00071551092
3.62589308229549	19.7707286196625	1.27199483163282
27.1507289852718	37.5518181536122	12.8873588111658
6.82708607373158	11.5987378226587	50.0919254264291
3.50905475370076	15.5732358412692	55.5868345571621
13.3783789879542	13.0688377251238	41.8240000222921
4.22707372541869	22.4138023901795	44.1870541051901
11.2127149529814	70.5973778248752	12.7256044711571
55.4476496556064	19.7711038029618	5.42569682254721
37.6193441160113	19.994199285281	12.4501253070543
5.5475973084325	25.636730913835	16.5533386247947
51.9051784425532	4.52083507763261	39.8120515233893
