31.1501618619776	42.7485035000129	15.8505005370129
0.843948452195129	15.6599688416626	17.1836138317285
63.5757956018559	9.37687405821722	25.676409213653
2.48960978467465	23.4130798948058	6.69611455253144
27.583757241994	30.3062134097825	27.0885346583503
34.7434353245159	2.96960170519054	35.6834356839226
21.8827394870495	4.88817664090925	19.0470216884497
24.0305808019035	49.6367242418401	24.8894490883171
4.94344700358037	33.9178659645458	39.2897397462696
58.2993940721729	15.8810339476359	16.2351486814372
0.160823250264313	66.2397544673829	7.84885906979854
19.4460365080489	57.6107220992496	9.25584026112027
35.6390809340584	1.97653793821881	43.575005253579
1.26572051144471	88.1328097023688	1.99709357786788
33.5211260866007	12.0228657554942	42.9474061554984
19.4232686978873	5.13822869636967	71.7449131290172
13.0295195211794	25.3846637557189	51.8141846879451
62.1783947395991	1.94573002026683	13.6166988004077
28.104886099745	13.5283070213759	37.4326424847509
17.5360332324803	0.467320252427515	80.2478729655258
12.8416811175839	25.9683003304379	44.8002903465183
47.5486691796913	0.0725821592251687	50.1379110618205
14.6544165046208	45.7881055985522	6.81856316831827
36.9619917762289	12.6301362703695	19.9016095697422
30.5188460417645	17.6038788247872	0.636173226235515
13.2663901957061	80.8641440611631	5.86768659104951
12.7664178669296	3.55139966288181	55.280331454836
31.9327225126013	62.8409264901843	0.142446206948928
6.38067703991229	24.4390029108333	30.4626990717196
48.6284562147355	48.4998660387936	1.27251599974582
61.5355127311943	17.8974529811635	1.20002762470396
23.505540622168	6.20283428868411	20.8101087812381
6.77280295955613	19.3466651809153	56.5894461034748
34.4477154009266	61.0036872145737	1.26274135022552
11.1337638977607	1.38225839537674	27.4955961515641
2.67360466656909	27.7486959601514	52.3376692795836
8.4112782536127	15.0878761499598	72.7419617924569
24.9916876782624	36.1047190316509	14.3904462523714
14.1505467305661	9.78269731150134	32.5948879274516
13.1051498991927	29.405671138971	10.4240413338058
1.53993167986159	17.0007674102675	29.740052963486
37.0281393346508	10.2283628239428	44.581318946826
4.00119493901785	40.4767751416549	29.9163698823733
31.1171782813581	32.1459057890558	18.4405034028182
23.9963953495009	3.72542557480066	9.3327207999922
14.8913785418921	27.5206870527569	30.1435929863451
85.1892546681637	5.76838017709943	2.76675140614004
20.5836490823811	29.6309842866058	46.6779835739536
24.0852803569684	74.0070244642007	0.243926933148842
2.66714566511435	46.0178468125024	18.1284553921448
4.64137722954218	29.5333635199505	47.6549562754365
1.24494666291631	21.1822057707152	48.4271627610676
43.6344440298315	22.4955967266558	13.3160897592623
42.0752024008311	9.50528625841499	21.6710059538814
10.1432735147622	9.84590868924088	39.5833363940862
4.09976048585948	10.3460605770098	20.9472829573542
23.3300065264711	38.4728818379682	4.38710884395387
26.6788773828553	9.72370924880901	19.3272666164335
51.1715049162374	3.26978098753364	34.8092872345863
3.96178467383691	20.8716941163278	14.9059703177335
1.62001634092071	45.2042540280168	3.82865923635134
6.37551932892553	16.5890025052191	39.7697444259048
19.9033169168529	9.42022884703252	28.7271857395429
35.6399221511744	23.0548102981666	0.316066527886347
30.1709016459859	18.7350605701725	49.6234548974891
35.5045312249588	3.07147940763807	10.5439725381061
35.3459489230746	42.2134203101571	14.5735111155424
55.9573616627405	0.135390926215514	19.9833308905285
37.5425310980261	24.5242191127149	9.06172045928506
12.5666646811025	1.60407796576809	40.6767378284953
13.3918154581412	30.9322829502319	24.5111636465933
6.58226046086394	45.5738549332944	45.8489981227783
17.2897507051424	4.65821302712812	41.7098987576132
0.946304109388173	74.8671290813326	12.9998877705074
0.636111852077819	12.0438367184456	1.01212030323787
30.6726421372372	17.7601930768044	31.2564381078148
37.8295314674403	5.94614860878612	33.5300182148488
4.44354107810349	61.4694775368411	0.934066717016542
29.371356465561	20.4249688519281	21.9545588930857
39.1394762038903	23.2191593494356	28.8143290806628
1.57021321429415	3.84841165684555	53.9140781173082
6.19089501266875	53.9836959699093	13.5010499104397
21.6807403237004	4.27346965497056	13.4260192110324
7.55326282584726	37.5692629895961	19.37074769259
15.026782273793	1.71465105456982	24.9604917713257
22.7486446605756	3.17574124931159	24.6056219211806
22.879881748408	8.85631097893059	51.4493428875922
10.2012838750152	39.6948224584082	26.1254805261854
27.5179744826248	52.3154251521059	18.7581247737436
25.7440908466205	59.0279068141374	4.40717106890267
4.00827182643501	34.9079947615545	16.9431594744991
50.1912800363224	5.66492197367592	9.42265955238727
4.48641837783457	50.51374931378	21.2893953646018
40.7247256677247	30.0579949887739	9.34703778910778
11.332901572498	35.1872006595075	30.8931203237237
68.2900559940795	6.19301204858022	4.7868276968537
9.18232105168622	7.32486145911965	79.2374334201391
1.32923591943888	63.2835461587103	4.84999977278058
12.0414509028389	18.6002288100311	42.1305708317694
15.0824695430149	26.6653272913142	19.4206888877883
23.4011153333826	51.0826089657296	9.99951786827273
19.9620960373255	31.0981090325388	10.7576368426707
45.9091857289473	39.5436458473763	13.3570335401953
14.2709923974569	33.0597427827584	24.0505483113465
32.496085126184	17.7023418795794	16.0280147642028
36.0059849154232	21.2368473043837	35.8566511589366
54.4951383278217	3.68651831694251	29.3788902132674
10.7858348688045	29.9782945914093	30.7968725128085
1.42064690656059	39.3734374732587	44.0681793000867
1.49087817477569	22.7996173420919	72.4181234242479
8.77348715847986	13.2134101880777	3.65712754598685
8.0032187551275	0.247322069596184	12.7576564498049
39.626261703496	3.4508795027858	16.0098554641054
18.852078550892	19.3133617841235	18.3995246507225
23.8417813665428	62.1447084760967	9.44868233494865
6.56117312915678	4.87486860010534	27.9638514984231
2.3039448085725	16.3958928624149	40.5251336472692
26.9851186904056	23.6449387965933	18.8302047638363
20.1498420071555	30.421501179422	48.5250312595279
1.79968359963954	60.7253958288233	28.1313012485073
23.8502235262889	2.84593105448686	70.2254155046425
11.9107449482711	34.7529399370556	34.2200789294299
4.52816621611275	75.4248055980656	10.8581357220459
46.7563611207327	3.83882173515801	42.994552824178
50.5343642786771	19.8110859002038	7.87632805662059
11.2168358691115	33.0674309903138	43.0824577077676
13.5816485218618	53.5681718278528	21.7018947571991
11.1449240293097	2.47304453629676	76.6737218371936
64.9560999893379	0.0719118398017771	30.5943864540171
48.8594313379654	11.4922391769906	5.15847765149478
0.606204709320424	22.4068642232599	5.52546656947838
25.1340067131137	28.2069766559671	36.1341626085966
20.7470782663427	3.96318189053013	28.2612426803733
77.736474563245	13.1727039875336	5.09115793047992
0.0815163366876153	34.6640130666383	45.1414484275232
42.8026824923245	11.2955795653609	44.9503720015988
4.74495846067786	79.9901168700262	5.90788643150958
5.80774992974836	52.6026444288914	26.5719739843961
35.1937733754487	32.9647241313778	25.759704376459
10.6360814583656	20.9073199056589	64.1505011656091
2.12284666584937	25.3176864820149	34.3244842413461
10.5566799224153	61.3858630235241	10.7782858008418
15.9044503308388	0.755146192738389	40.3683233728485
23.5885299386403	31.2447576463431	10.8072196649421
9.97025515417115	9.92456637785051	28.3419269269062
16.5164283553681	3.20390663258913	4.81605618485066
41.5356150556056	19.7117478678523	7.82830510653011
31.9593331925382	22.0067926319348	8.40280447546523
10.5718582917805	10.6249492199276	3.56859164478657
8.06809082071674	36.9562007658911	47.5028972362647
