14.2853465463432	14.9648935603746	40.5350008236873
36.7524918805587	34.9126503965411	7.4045144055991
26.8769384486959	32.8720068712123	20.8272448837884
4.57717660096343	34.1430939427312	53.6686765745602
16.5477350896912	47.3305772279066	16.9307436407221
22.853476099136	12.0486811790842	22.7269523882898
6.21309178239344	12.4912351428025	28.0234391931554
13.9884509211352	72.8551829107363	5.97194726856982
3.62177645024926	51.9535218607418	9.50874384004099
13.2182085482488	3.29187079486059	35.1050388697093
29.7830704738307	1.53527720902826	36.0072145871852
28.2910785769537	55.146759913837	5.56120029909592
17.5914857618471	11.4268318337513	3.37783242733117
18.4762807648984	38.548806793312	41.6863192998275
25.7151429661155	36.0025864727807	35.2801590390877
11.1020002565822	17.8637846921868	41.003179383
5.61166396625883	3.87955825025195	25.1020437689042
35.6900636738586	12.8646167986396	34.66924854306
67.6015601808213	0.797640160097573	5.24306656105587
1.08944554863937	61.1188823641832	7.28836465035023
46.9249680856825	36.3685363607335	11.8618144708973
9.803181192746	2.84535102678712	77.2921631938276
44.5728027469352	10.7134157841622	36.1186031885997
23.6162500565947	10.4542628444984	52.104549553294
32.6071613620069	9.11037540487497	48.3593025935624
9.48505453275752	0.88098133023874	70.5825337537483
35.9686923380795	24.3726337907708	17.7542953834656
15.5258304046122	55.5388473232923	10.1541485219049
11.8405318408462	13.8295665447738	72.6428898389651
9.97186969498725	72.4760912696254	1.05234133128651
9.97646260539836	13.6191674571574	10.5321931236108
54.5444458977061	14.2077696575819	11.1300810757699
45.4731741200542	4.17497637876076	6.70225504166552
86.3628254208541	1.86406923544783	0.210399087616428
9.28032682709411	1.26415402687348	67.0569248344083
29.8739338432783	60.7671328637596	3.19865807108519
7.62885227223339	90.5159609348122	0.953521114286744
12.4272192420565	18.5141188178743	42.9833953934644
14.4199451033119	0.374938128690672	72.8808708362658
21.0687638824195	32.3023336624272	9.84249627675977
11.6797323393075	64.0881857667529	9.50793512608294
1.01905111270913	33.2241637321302	37.0641374667474
36.602735303623	30.330328052086	25.9828582992697
25.7571526923017	1.69613859695203	2.22448338858061
62.0102549726191	5.50605985592402	26.0539913671343
41.3666999160157	14.0610435577394	26.5051752452297
45.6858708735955	7.25098462181677	2.5153465115071
56.8665289584857	15.0661527715	20.4384021090522
11.3518285152278	25.0464188051626	62.4611146573262
1.9972659191104	42.4939294543555	38.9144543273907
41.744864751466	5.86233455960748	34.779669826282
8.20137658538361	28.1563972719742	22.0231268191818
8.8877118699661	60.3741949239626	24.6229949056278
12.4300663883007	15.2867276292698	43.7613502348593
58.6751973064035	4.83037997262104	0.513833994285126
30.2906614869324	51.30916389232	17.2718914306126
62.5643709034493	2.97089629013599	5.28946342193031
24.3000092098024	56.4471990132924	4.08851653527865
73.7119545572027	11.5684447863924	11.5959734244253
25.0777965528321	35.1097163907763	1.02262320044573
39.7015559206258	18.5221527789357	26.8632767381441
34.389304804797	12.8447231430769	26.1641345574354
26.4450572554232	30.902026235546	5.86491627891777
37.8788844393002	5.83445597711692	2.39504082239933
15.5606588421206	24.6644787605221	49.5532647471657
36.6132034159327	38.1939133807057	5.23805008513762
49.1979575479394	10.4963796727808	33.7195532087793
47.2490808215221	12.4321805371121	2.32081301618405
52.8417760752336	28.4261730631935	6.45813923629845
34.0740213794978	37.5621312007132	27.5668225845168
12.6101742557297	0.461890269285948	56.6864215101518
23.3862973858539	56.825374791783	10.6803327382916
38.6578276467779	15.3927169346217	11.470831610016
3.63905113359869	21.6719128292389	72.396985195762
36.2520327960383	29.9248113436274	17.7467172116724
26.2839772395249	45.3216762027339	20.7262179445132
45.5419071696428	39.6539845222859	13.9240307798255
10.6256668039717	40.2135373746108	45.9024906837859
7.68576106414467	73.7263195559971	10.033363201671
7.03196549184246	61.1802412947548	5.86826824856376
3.1340680565378	84.0611177422391	7.09323394442593
10.8630520342211	4.89553036396184	72.2877734677344
60.7924406699801	18.9342100727066	3.53312581010774
23.2554709647109	20.1652225200856	26.5062118072557
52.7081451624204	35.7952764890135	1.34670636679358
13.9717849036547	1.04781431194759	64.4365223424679
25.1595054404621	48.6246883629936	25.2083120053673
11.3877003134171	62.8958574789091	14.6837672752718
9.21673193071817	42.8700211657537	20.0317706540375
14.3990415215488	51.8674085623899	31.548650158359
26.959539263956	12.2168089785691	7.65146832338137
14.0546553833665	55.636137284169	5.73804434656074
5.68732000220908	5.14677078702802	78.4960585080535
28.2018619255171	22.7203420469166	48.7351209152188
37.4555540445519	2.49083317000923	8.69228276828876
9.78624294967681	43.0490084192944	9.31490986110406
18.3424363463849	20.2411958110711	13.1047123172808
70.3653617158371	22.1301580882306	3.45901837733529
57.2236532611883	10.8655866286091	2.5773080077848
22.1394863082745	16.4437888266723	41.1101665073587
43.3541400094303	26.337860583485	12.1483950466609
1.50288040819712	8.35200641693175	65.7354914423709
72.7676011960803	2.27915532993113	24.3630465699188
9.71841942971499	11.5500403621933	7.40040606232379
22.4781602260089	27.2296883292634	43.5635382046753
22.6417467569195	32.4039859848115	3.8360728434455
27.4194993672052	54.0774684185523	8.76690294070491
15.1969444543109	18.9657683106911	59.7377792278946
23.6689787468263	25.6813927207521	27.070709935888
36.4114877937415	21.8953893156235	14.9570198799283
7.40503855394434	55.0668783276653	23.2919352237563
6.18989602950862	3.50036109029332	84.8032119613156
11.3182599708989	71.6063459737256	13.7262090173206
29.242332572696	39.087831899099	30.1513019623939
14.2614280871402	34.1370433727917	15.4124941748625
48.4646398799795	0.0618183054317805	42.1987055066036
22.7070030396371	0.896679098204095	11.2139200378274
47.7118734026849	0.107238953983057	26.7159834628533
20.9313865382836	30.9757421403079	12.2194659021774
35.6424154414062	27.3266956337386	19.2473697565717
25.1619106275783	23.8478724024481	23.1234596684219
19.9563036300038	29.2773920247692	30.0560593745001
11.8388566709304	3.31667536092767	84.1629703921093
18.5101666108287	0.40423674527753	33.1577702114162
1.76335452206589	5.80119332568776	68.7070338841095
11.5044031811433	9.07549034295394	56.398394869826
29.1916631298101	16.0662788972567	48.20148914503
48.6953380278756	2.22509834087691	38.3671616848405
7.03765736289213	35.088238043286	32.0316021945475
25.3951941735089	10.2737792349764	15.0782648544192
8.75704014150288	53.3823757680982	34.9917789152785
3.37538276956202	36.9306020144981	40.9511230611015
0.553685752932767	10.4350023951544	37.7878261440377
17.4159202805794	55.0481948326566	22.5595305778829
42.8041561706011	38.869433169658	15.2917807992975
14.9481728742589	66.1543070646722	17.4958209122977
26.0727827558633	12.4976221530222	26.2249027500976
0.552225718531863	1.57827599978925	43.0717922016381
46.753038208351	27.6822856290649	2.40792925581705
45.7730941687585	17.5468715455136	22.4006704159084
19.8262961208012	72.0313946586248	0.707840966390372
31.7547483517578	43.7545140011956	18.8156318938432
14.3581369958623	7.04363403238525	7.80503075001996
81.8922090725471	0.714708119963625	10.507437871074
1.58385192117833	4.82180402838709	67.3832443856556
4.75782850047472	59.4491072741566	4.22588065463392
17.0866068532162	36.4320929797516	33.7799579528067
25.6740696382122	19.9383082426797	42.2374101552355
36.1607084684822	9.92572885468869	7.10844653989582
7.4063773767121	64.2037166581506	7.30468868618118
