15.1029820158626	46.0052768914054	1.04137067731534
81.8688753442228	0.77828061803164	3.62200644035917
24.4267945757261	28.5182253590404	34.4249560192344
12.7919057909362	0.339174503618467	59.3196400717458
4.34074406714213	41.8665574592848	44.1409827415557
50.3477369669581	14.2663609768573	34.245525828677
10.4924070697708	46.6361758516339	32.5734306744176
31.0704728267484	37.5597837555966	19.8009261487987
33.9054397465221	24.5837579595781	0.849319529183823
17.9999352982267	29.0240611084849	23.1529977280428
1.99967520404592	20.1889922470734	66.1865491262574
42.1108388072396	11.1634814698079	34.7965735638498
6.34202962105257	55.2390228748503	24.8903628554616
27.8285328428394	10.6199922089558	27.6652564889124
4.89824847546325	36.9843925987298	20.7430302727702
8.74574762244976	71.598454085923	12.6664494688932
5.71553856400565	58.7521065765769	14.6633413222913
3.56144271956824	5.29184895814017	14.7890357835167
59.3596881997584	24.2670901232711	5.32814325081564
62.6726479095745	8.69907834972212	7.24836360069381
34.9597699171676	6.91369278678377	30.0739041669638
4.48463759593881	16.2300216575293	51.7667018583821
26.199525094684	15.4677379948402	27.8655909131586
53.5160348999854	4.85791908803299	3.48683693608587
18.639354788996	38.5195097134074	41.2246174370985
34.1677318951896	22.59308543177	15.5375831367157
17.5933807704567	8.13685492991323	33.2456636397381
16.5762092529685	45.6883155487889	7.93207749162432
21.44346252151	26.1816282412883	3.35052926249361
14.3519510581866	23.0483525074312	1.16513478623942
42.2996035042683	13.4563026081102	14.244190749826
0.606174906998023	95.9686396624747	1.72609621739299
9.29311397918179	15.8511082715593	67.1845747005123
1.62443304510062	0.937050953943772	91.9384329542231
46.466656004296	5.05883707900477	7.19724423587194
16.3918608410246	0.666087540176738	16.60850561066
6.37981682381584	63.5804694907649	29.0119916801397
2.89717083931769	36.2234644760487	8.78607966414936
82.0589222396067	4.35737706923735	6.88488721236814
62.2054453763205	12.7355217061637	24.6505329965849
18.201592340228	29.4518368455823	47.6639800926968
10.7189191089565	3.09567675138622	33.5411499410594
39.3083140902726	12.9380433880436	41.1300854948955
25.6144895803251	5.52073088731651	25.7982145649373
3.59424497168243	4.49831569776792	30.2645245707894
44.8662869375508	7.68393287792985	46.1656632582497
3.56007651591677	7.83869196094512	23.7845722696672
33.768657983173	42.7331766778292	19.0404743044826
36.5979431833131	44.1271261983212	17.2714190638025
13.6521652404462	14.2121049176027	0.116046890670455
9.2630340295206	4.59523746026458	6.42446973660238
4.70749959568842	26.105461142075	54.9720668024253
9.0689442162723	40.7681598052234	34.8903578402895
4.48109666094235	72.9105934840211	22.1023464678332
36.3771712576864	30.7700147064263	25.6264126513276
70.3210599582275	1.66062340217672	11.7804011850527
45.8925831811002	10.8183512048881	35.7344162351146
24.4093632439195	5.30778495842022	60.4364116026258
54.9360887868964	11.5047029273141	31.5651561746212
35.0193600333386	24.7608786098477	33.1326366090833
22.0366873881019	5.45670278624478	7.52492375090948
51.9836604371591	24.9615251202888	0.894437358199822
15.9311962388135	58.1785576223296	25.5892221469382
33.3875096558535	51.4251737163519	1.60369356237524
19.6840987166781	54.7756436535975	10.171455987809
23.9452632721259	29.7692665037556	19.9864393193212
10.7304467869599	2.12832158530518	9.29212891929416
7.69113861382526	7.98545172809877	66.1946765921054
35.5611676515831	11.468475689864	2.63253268908362
31.0699388063838	49.5809521756978	11.5058893391424
48.4387931173848	21.9198838909715	18.8288658945024
53.7008887406908	0.290407519922782	12.1967468467526
28.6434226337091	46.9243037267236	3.62051385623427
7.02439807682503	39.2379749283371	9.24712634144683
44.2155033090224	27.9031062628623	16.1976263468143
3.5849833412026	14.3023167337767	70.6087971900631
33.3142670492242	16.9256738931526	8.88700760383485
42.653397583707	10.0980820181305	27.7371644171594
7.20385103821934	35.0202202028689	3.06124119230604
1.62682826706526	0.206530746168704	46.5741014790601
27.0799767352082	0.852214126313205	5.68656455990233
26.2245352502095	14.212191111507	16.7072033587411
47.9404955394289	4.87233391258509	3.34751918136492
14.1476350436675	15.2849996533641	25.5180256094402
42.1062227534625	34.7631158003412	19.5418355611813
13.9152135764785	18.2642446450257	29.0871987254765
12.4791100679334	4.482179742531	13.3501670385479
27.5151337625064	21.8366836765021	17.7062209778029
13.6119306150879	70.0157316727637	7.52529250808307
25.5126753009449	31.8266658260611	17.1061430671747
24.6325412414188	23.0862148679263	18.9592099836838
32.6103764272343	21.5488072119415	25.2296960098807
1.69943468724351	14.543626743622	18.6066186142185
1.99676803406177	2.51958654379453	71.8310706651914
21.179579953281	25.793463562519	27.3556516633162
31.173769399139	10.8770021288083	43.6536914406594
24.4448995331511	63.0849714684696	10.7110935313213
0.473107444342741	5.6441489167717	89.4662762477371
5.87732699042062	6.72886986598786	47.7920306603387
3.71808074587867	27.405843291155	63.2529169615605
22.3994034446773	34.7479555917661	14.5887341418251
20.4251723459108	14.2232921972048	41.647043377928
18.4640214864463	7.53198573716543	14.0585522698511
15.6607159951984	6.18705633384504	46.8640899038241
13.8003931910733	5.88016477687292	35.1255751844149
70.6846339025929	13.5365079220089	4.41117231008186
3.51110007777396	4.74693249200794	24.7466488856574
63.1619506809683	29.7619513374576	1.37399886798765
35.8244398775624	7.08688530469634	55.3823628255084
18.3533452071032	1.62403271609174	74.9422501190297
28.6672540608175	35.9743824861824	35.0992629467972
35.4955841021126	18.2853637348327	23.0684827654941
0.840317039210497	54.4051314957464	12.1483539753353
0.948614394733968	76.8653754502839	7.60282441396398
6.79363799597772	39.0088576539461	24.5325666035212
7.36382273368715	56.2745458242831	6.15924862500245
8.2179167346181	33.4007147389467	54.2374410919088
17.4573258112452	32.5705066009287	5.24542043229817
34.7540846721987	9.53408875946612	12.8530340794721
51.4999788494315	32.7577486786795	1.992537640963
0.48043988667449	68.6985533073072	9.87736522680026
26.2486123602132	53.6136251192603	0.881375233121857
27.9637429062108	0.561207812540796	53.6962190427334
8.58125649792201	50.8475376064179	2.61455299454488
4.65828427330511	1.75521192222611	60.2547012084418
22.0959040439203	44.1423244514234	21.9849337460403
24.343173869114	10.8289152899892	54.0854566516753
0.574330659850654	66.9387418157136	21.6225980416046
8.96042883813401	33.700869853469	45.1112582558353
32.6671252179272	20.0435436424071	21.2783380044989
15.5532504504329	3.76161453489289	39.4160668549203
59.8404783568534	3.72166028419587	31.2657303788074
9.02833934362435	46.4704121213734	9.3791044826522
27.0965683400149	21.5017034306664	45.0769369234689
65.1091040415266	17.1138747674943	16.2819291075142
59.1690738960957	1.92263489678625	21.7000636373181
12.3490633966164	18.2638008698187	57.1122555328124
28.6021724010828	27.1048834673617	8.30442011743058
25.9553139218852	18.4982006989877	40.7145797464599
45.042805627474	28.2949399800482	24.7622104942623
15.1358231041282	52.4216085916486	22.2615417662363
7.59300622511329	4.20975573556952	5.68982544620048
5.36967697803382	1.50565095315951	68.7457533407704
6.4368400752716	43.7161553389002	38.4876870729438
2.57610315576946	57.1977571850632	5.49367880704518
32.7687699034665	6.35968707798034	34.3855805855177
20.2820615006062	25.9949932461581	17.9608748843711
13.4520911208596	10.9134911144681	3.11723277117928
14.0883674910704	5.01690306934384	47.0119985505063
35.3704543017645	50.1308110310374	10.6541262057862
