22.6363301382569	6.97571239759015	60.1973697357799
12.453534320208	38.6677325417603	21.168754026838
29.7688742772531	25.2024901682523	33.2376076528978
52.8092634644402	42.7831895848658	0.174362631595862
27.4792772845734	23.2920994159263	2.8223569052398
20.5668352174418	0.194004224703649	40.3521367070974
21.8933404990907	42.7977150971059	14.1360656424128
24.9496133648556	32.4324065970408	12.7197477094455
20.9943913952421	9.72564090496192	25.6617399052073
15.8656586035461	9.74903959303584	39.2538630120707
14.6903968018901	3.33190499960068	21.5210067208489
2.04432760460504	18.8060680491878	8.33398923665936
58.5533962392031	1.46858207949837	20.5272866508585
18.1261925576842	37.2100890321704	13.119832804948
16.757710425536	25.1721581561361	52.6095020829744
8.88084364537189	69.9857325153359	18.443837211674
0.993720069990363	25.8476259772888	50.5851598692057
0.678440137150902	58.8006348622966	36.4043340256458
7.35579538501603	0.28351228697389	5.39236162108945
23.9663341194235	3.82741335957656	49.4108809853955
49.23666894866	6.94986898775672	24.5880996922907
39.5794644204804	8.21618074933821	32.6086445863399
27.8928689322867	48.3620431033718	8.548461184161
5.91402179836949	20.2504432388816	69.1940299091833
7.10867480705896	2.1306895660845	52.0837960075977
71.4857529716034	6.33152732920438	13.7848790799197
1.27182775236286	59.394896803142	3.83690414197599
21.8153860987236	69.8867417266065	6.85675498417428
29.8142421198144	9.47340284915334	16.4451409207867
35.6859651560364	29.4799325659312	32.6801618713328
12.3650879191072	12.9775931653462	9.96544878462583
5.71780307484688	66.2841328262743	23.5084979904389
43.2688156809978	15.5670281106453	30.9330584159741
59.7183250168889	23.3208772369292	16.502339400585
75.9137472025648	0.0206767115838252	21.8169944928107
25.7372717492922	37.1337622577016	33.5725597727916
17.3799536271859	22.0183893209409	33.5067695628418
30.7682021664307	12.2790623047757	16.6735923926689
53.493124644036	19.6984701881644	14.3260293241246
29.009509658911	33.7081014335659	8.35963227244077
5.14340210014181	55.9283926877791	0.875999965181574
56.7398806832451	0.56680250007976	37.6001568686218
3.4248589553986	4.54170480582011	79.3433515724462
46.6775716034125	7.88214630814369	41.0569845424299
44.3187776693696	4.34638373756147	18.3131833180381
13.1373510757169	12.2672902011626	13.8536248886276
71.9816681798462	14.8321426076964	7.57976938392025
11.4265502018046	32.7816635057245	17.3336285247158
11.5132859030335	80.3916174361443	3.86943752126276
0.969686359618644	66.184929044072	32.1600907166303
0.902216742235337	52.661548300023	5.9454843895256
63.3415775202874	23.2085565213154	6.7793914148488
38.119683246184	30.1866800664862	10.4574209593504
36.1422800161607	18.1615634440265	36.5213356150879
32.2822599356446	1.40827754578007	64.8510897368431
8.3677692843451	6.07048790253256	38.4549006998795
41.0408058394868	42.3914911422839	8.23212094056984
16.1843943484986	41.739612557804	13.1424820577458
53.1790903085745	16.7322701852453	22.6188560587442
43.860140044177	15.0198377738799	7.07592787550573
0.469904812271662	1.19286216850991	70.5497023512375
2.56370124526494	23.5312621218764	48.0669040922387
5.88057325495434	66.8884572418819	7.17303129247065
47.4895989277817	16.9026943933697	24.2839079463314
19.472482716419	3.7986491824494	20.2490866744188
20.2313551773463	4.82918173299599	50.6390319441627
15.2892267868338	55.0741023174832	6.62856772850667
20.8756481394524	42.0836517783271	27.6210698893392
4.88291732262956	0.785153918333889	4.37370673956988
0.287346355750852	2.7686578700173	80.198339922446
33.280537106693	22.4741949338811	9.18505285362948
16.4072543459047	58.6738639318728	12.2323486545274
3.02594090021492	12.221375020324	66.4541398950173
4.3662221656955	3.47798508753906	25.095963256944
5.11329761013077	30.2545962064781	10.2528199135572
7.84588056050515	8.51771124103931	34.8399662574939
57.4088670115028	10.708844527001	0.375142786826539
58.8325665606338	19.6577605417267	18.9002357976978
3.09004685985392	24.9561637756211	71.7988904434251
3.70016046972022	78.9660074650152	7.32408380476948
0.964374701010238	48.0118104014601	17.6558708388619
6.79198173191025	32.3750395478564	23.5072996111155
45.522910051757	17.1323800073622	15.0125351804367
53.3393792590775	13.0777471294057	26.6355445266867
26.3127170160006	32.6213996077987	36.3106216473089
5.16670672463565	43.9033827948865	38.0464206626855
28.1091438271614	4.67119487220011	42.8152861272987
18.371745160954	26.2023551045928	50.6398932312801
9.99069754499509	0.0264444388572334	81.8386418660351
65.3628847400485	18.1184462821663	4.64475043334288
15.926480207558	47.4477164202592	13.2451011860953
3.72298360044276	48.0203758217489	47.0985118984703
10.6485504706616	5.41506028054983	59.7911498787772
19.8934464342396	51.4105753746864	22.3145283396889
51.197545859589	4.53509502324047	1.97123782801034
35.1477535605187	7.7723620029969	29.4102902661126
15.8325390498305	26.3612601563154	26.0530930133784
14.7526006283018	59.2425133377512	2.15260549548669
8.8221794035389	25.5801782131103	47.850636415114
28.8785892673203	5.00489063794021	49.5112522270117
41.4856078762028	19.5343074479766	25.7690326896352
5.26503231621582	18.7042277393417	61.4970064542708
23.4107380376247	5.93042122476288	33.6623351246409
38.2375089629728	18.2909648484974	26.6655735795691
61.7168803986706	22.8537246691313	8.11540200752923
36.092837777032	4.98047317610144	36.5218870046185
26.0046036103762	5.38645102893303	36.2903860566627
2.69427849105293	54.7772835263877	39.6303813623406
71.7445276080372	4.33471515045255	19.5702773609992
1.32064987035498	23.3103251193232	50.6091675025454
5.91037581018655	25.7561218579095	41.5243102896606
23.0566894277263	36.0435400791669	17.6126353524684
17.9259523832826	33.6170310311099	4.42586792839033
12.2347054594358	6.48555294912567	24.8447355464309
13.8762717665528	16.6940217915429	30.1644186629748
52.3720830457155	17.7510854405123	5.03129195656222
18.0436404040287	26.4011906582868	5.30020953402864
47.8850241973461	9.18041766117346	19.349518287624
53.5459874447184	10.7143555817727	16.0030017215773
36.729443369773	16.4101909922483	37.4186974193057
36.8612949442404	4.68036728197726	15.4536120199848
19.618973145084	18.2179478081958	45.6220173955066
34.0495696449883	17.6441523328629	35.8591420277297
30.4865107547895	2.9963647495007	58.9416921413232
52.1524673570657	12.4400461616181	22.2627590979742
2.42976006233588	37.1430774857956	32.1693295762731
17.0324668367545	13.4422439213108	60.9543374092105
64.9070965428404	7.658772872602	23.2576778732509
52.2406266314167	24.8609802801446	2.74659800471114
17.6985088352573	34.8178774280557	16.6291456747005
44.3251917345101	5.01111038262542	1.7228845049268
23.2233550973345	14.0665365448531	61.9901903727977
58.7230682180836	0.969288498614583	8.98849396453635
1.2274224316829	65.442440037356	16.2372335401537
21.2257984658823	16.4820917958776	34.5619572953144
28.5493258519794	10.3900004226668	19.2132338970961
55.855792460896	21.230998086385	21.8609682386094
8.11616084916338	32.1864237693075	9.28599033937137
3.3554957729557	58.7359629844948	33.5707669302685
12.3576922399726	33.414418219316	31.9211317840596
17.0761716631596	49.7261686016462	10.0953974342418
5.6755917173231	3.3778812286341	4.14226739860245
1.64963514620887	0.928261597141745	90.7981741199261
20.7679221037626	52.1211121008364	25.1753550605734
15.950153076998	29.2342987978991	20.7271892673928
37.3994222084989	1.20380558129577	3.71931367726965
15.4159224663935	22.3462826210755	61.763504735084
4.59435549778601	16.4743114339534	19.0678887158017
5.997536334208	28.2045041807948	22.5484320533222
31.2560008518659	9.18068187738801	16.3879566902239
