26.3749668497476	17.6041606895645	19.8418058547386
16.1972201504732	23.0303242909863	40.3886231316201
46.9134984290756	44.8447554115414	7.42768552500181
83.6976138333313	7.43525997150469	1.52439056035336
1.66446636508427	57.3346627211825	18.0693882135997
28.8603088021559	22.1823352026671	17.4997128627727
71.1850848380407	7.72784641372405	14.8040078183655
12.1024663150788	46.8879871754385	34.6498077896656
7.68873370610584	55.1589152101236	13.9409639471867
58.1094564674932	11.5139627417149	22.525163843541
63.7273107020777	20.9391417079322	8.85506105090261
5.049329532799	59.1310397997177	29.3282888500617
6.80877468865773	57.5694651611007	11.2378793355254
69.6554761238654	16.714268930589	12.9893665262448
24.6394175685194	10.8524079019448	23.8008204027083
36.4246913867186	45.5380148466388	1.47084458799606
43.7164913600853	34.5375794146851	15.6198232973087
1.15285213159064	43.5264338941902	55.0845107320158
7.34097315340348	9.8883894318195	33.8288473122888
6.71660057581803	5.99108627344998	35.0823636330116
63.2391455877755	15.7605045082795	13.723792468069
14.1187137058558	1.12870326318252	46.7897942507592
46.256583298676	35.271839255128	2.01158095244858
46.3863338559802	18.1287886659283	16.6783210899114
5.47565608540348	8.00235239230206	44.8669530194565
34.4705304291428	26.7616255333468	23.6348375322459
9.21640345324595	52.6356991159896	27.1323604635579
22.5504361663714	39.4406010580438	4.81216269769341
14.6513422088005	41.2764968542738	17.3402020322812
70.4930473912941	10.8886513909738	4.462831748865
7.01390598295904	45.056940123931	31.4400602278486
11.044572159203	33.6496357497059	11.4212858078169
24.566219013448	25.032830948491	43.8748622983111
16.5974376334797	19.8179620410399	21.6545973073945
17.8124533117807	7.14446017851329	45.2454546211499
61.7629186537875	24.4775607364613	1.61496978328329
14.24491266452	70.0171231618231	5.99216036777578
11.681289138124	35.6077334078065	1.80784161286794
7.91064831796598	18.6553541657773	72.9263676670037
83.4509936549938	8.89652669844056	3.81544912411619
27.0269583570896	29.4808765544933	12.4899216520087
41.8332732943042	28.0729761012238	18.0202357089241
4.26243087475301	80.2333774418726	1.10430568508073
19.9137467983708	27.4972061288996	23.8224221504398
7.22525646315201	69.5426551017643	20.687804008223
21.4392291947451	8.52980181040699	65.9785357145493
12.6967123303081	41.1628160351714	26.6129801639416
21.9255385556843	66.8339426474804	3.25127118418518
36.1948637460334	16.7166216376781	7.3250327293412
28.361410102044	27.3400427900907	29.4263196314808
1.09424218586378	16.2961396930256	0.818958646067865
5.55846090687367	32.3318298590983	8.91457647500307
20.2048939746827	7.19371312632864	35.062254096876
59.6011161616077	17.8109623109042	3.30016263914302
32.5711714721151	3.90758165340292	27.3313922934846
2.41705365591545	28.2741071322347	42.0968351150382
17.6027514122439	45.9573447452659	14.5208675481942
12.2892647573209	23.7766046187731	7.42247072394121
19.7374709973752	0.191377988174268	72.6333916991173
9.1850198382442	36.661141662235	31.9957352858017
5.44625823639625	67.4496770684839	7.84371635310525
34.5888059747353	29.6516490306946	17.5243091385459
34.0163921164425	15.3796166718843	38.4974852383591
6.74290042684549	67.9237451720628	8.50538420886983
34.0547176236542	12.6032562519439	0.488123949844448
76.6730144511317	17.7122187883184	1.42335817284107
62.5923594285698	9.55400788670127	15.1970635704683
40.1653573104019	44.4159139620214	14.5584373337023
29.3693038306056	2.51129670185563	56.8726694010537
1.64715964423826	2.59519433723539	38.397923502325
19.2248898647841	10.8731075706301	53.1352646896314
34.4225463617698	45.3075349541882	2.39194259158892
20.4882543163785	41.3242228521613	1.24572864791645
56.5612766689441	1.84811577286949	28.2534976155746
25.354393304025	11.001603357029	55.5626597979863
4.63791350118719	25.8298279372183	39.0074408329127
52.9359558843709	43.8404564484211	0.646231090950887
16.0865527186946	31.6456824688454	36.2315644213145
8.88584345061604	16.6285217817074	10.2741481318484
49.3224277856399	47.2826206811157	1.47123951533401
2.20225039040775	22.7982161207116	45.1849004464154
18.1632137476295	16.7671797409501	11.9663718212239
8.07660324875107	5.79235754245536	51.5063836944785
11.2172495625993	36.2294564657982	42.1108412752444
16.2960264442004	68.9590483293678	4.05528214948963
38.498306199209	0.175793375901782	32.6260648819739
3.13635436032729	51.8139242901532	0.686284015274739
20.7199337523058	0.976106711186518	20.1581130363783
24.7001088805032	7.41722025322598	20.7862301826413
1.34415337878473	41.7946431049121	29.2131834799485
28.7627643573856	65.6907955490476	0.127895548999261
2.64846575569756	9.94375856124971	50.848671491653
23.9289583749738	27.3920990654231	23.7144257052403
9.39265755442561	69.3938927116775	17.9941295264261
6.26029894047431	23.7309052253752	7.59591567683775
46.8481387229861	4.37036850693187	1.5484531417249
31.8558416477665	51.0247745788772	5.28772454955044
10.3982138495884	25.7128853936274	2.05085738657548
15.4341805332499	37.6932906628089	37.4755882832574
52.4396343866548	5.65147600399865	10.9520168560334
2.88820262201512	78.7809376040385	9.19596841987035
5.12818950467193	22.3954433679559	2.00045229960254
9.3046912035461	61.5373537696606	7.12464261200495
3.05920969837308	13.832525449727	16.6001056398266
65.984570126042	12.0130757857175	15.4087937508751
3.82737424402841	78.082353238986	7.20048090778314
52.9528688885983	2.06897980629885	8.56291791822897
11.7410006056265	58.4013034861541	10.3911916773725
4.68369550289758	18.8996804966124	50.4010915059601
18.1719338605981	56.142599999971	22.168686390933
21.5948791809356	57.0505955056523	6.78111738841101
0.807503192130245	6.2983820709858	23.6312042566162
2.05961493871157	2.1095118029553	12.1197229307702
30.9607613975931	39.0319913807474	20.3792050575741
19.1925574649091	17.644290867096	11.9681350942553
86.2016513879419	0.316927023379564	2.66976682593569
23.6531995347017	3.58697404320677	12.0964046624007
39.0093321162319	0.51064468012687	50.2263573697891
7.10134129370625	31.3603282586487	53.2918770580049
25.8620893703131	33.1314776247048	31.7574141694966
21.8969368943465	41.7608154666428	26.748186967684
62.8764446651919	18.7386946374265	6.61714715259948
35.354956116227	2.71961954548937	40.3569700849973
31.7899228687351	31.0443895547857	14.5928972468678
17.1349222385953	10.1817527367648	10.7642096517441
24.0129196196855	45.1708518644659	23.4910087769344
12.4792584741857	33.7053096078827	14.6110275828331
68.8235620822867	22.4347305588586	7.56815914417066
59.7154762873964	14.6550006301398	20.8626368180209
3.82868759512375	16.1030919831726	63.0676506380866
36.4225346298993	21.6757116008902	28.8532299589614
3.85825447917835	55.1893575373987	22.7361213056073
26.7428870903062	52.1500369311078	7.83656374916274
9.80292098121854	5.42124710298201	53.403519025726
8.96349330850108	11.595197167059	75.0963220256829
1.72392819157053	22.9357258057854	19.0457347869155
7.45475991044881	65.9525782642665	17.157097681033
10.0519447168577	17.3468409186913	7.23659787664031
39.417694993046	10.5443647180425	11.7734609226573
20.5517022966182	29.8915113927291	33.6006006382409
16.6711703951802	44.7100599038927	12.6980868692967
35.2126130998193	16.3004113437144	6.97513241645653
36.0973318741179	15.6056708728921	27.3520409256928
11.651744885208	36.3375043665699	6.53853952257826
8.40571737308322	40.1645525545648	24.6798528473265
6.77123288939299	44.3702355699475	43.469115366912
32.641124554277	33.7425982271054	32.3817182948728
22.2036889391968	32.1558264699559	28.6731021612292
5.09796208008098	31.2946787715399	57.6494590647749
22.7268604201855	4.55206711988527	25.7056684818611
