41.7616925862439	23.0858872752105	20.1808601711788
59.2570172898737	22.6564841450455	6.20829710094645
38.3615019444197	34.4413468774601	2.39183618798472
19.7429284079666	7.07588773550274	51.5142170952234
49.1889585504257	24.8973453999019	6.44258656839029
3.70060652666753	30.0695481850158	57.4271678260654
49.9812179477798	22.0187641782774	16.0099995397078
1.66172529648138	31.1116280179059	18.9090025233612
13.4524827420025	32.1449098792602	46.3210528000822
15.8566311541277	61.6353595916346	10.3654544848788
34.3120512246676	34.463055121928	23.5089060494252
2.22918600879106	67.8302680923744	7.51661546878359
35.9555983152034	11.663878248848	28.2409589869161
34.231889729496	42.3941717680517	4.23331735852795
11.3239114691149	30.3981483124188	17.4415557260819
7.19572129063109	27.0350318062282	64.001750603319
18.7864097388398	68.8994995639191	8.64990470402404
58.9122151298971	7.66978841632129	18.5414837759647
47.8842830042747	0.36744456755344	33.025421776355
0.275510596239711	36.1415245272878	22.0640180735216
18.1534707630768	17.3806900705121	19.3541617688509
30.9763288269641	1.40821081651757	63.1135131991997
37.1296712835923	26.8553871320818	1.98710868227627
45.8175560672849	39.3864054881904	4.65905713134401
3.32451150907414	16.9566213697924	53.7041739810743
22.0592180835359	25.8369461287916	15.6094892954498
48.6469743999871	41.6056487437364	8.17564763509466
45.5285263459797	17.3061059402796	21.8621503197877
3.91350942846085	36.9378223255918	49.3626383363095
30.3818640906279	21.0802979399824	24.561973719188
45.0548582920129	16.5485018475673	24.5035236815473
0.902997004288713	18.3963722635044	47.6139525173297
47.9775074627146	21.4189109957865	10.7148713016486
6.49801898118948	11.427434259759	44.4039877245221
12.2006722782742	13.7625190959137	69.9293789779439
31.0861591860122	8.49625557125372	58.0557151967919
81.4716631460337	0.414623134031251	3.7050464673457
27.5350421795319	27.6266144717236	37.1985904579976
28.9546807897066	8.52260040516155	57.1825841242366
25.4709296047086	35.9830627385448	36.0972566698199
11.7606602663922	20.6460975672333	25.8378706527119
17.0184310139243	45.469276302247	29.4069975751485
20.3420463112844	38.4737502962694	14.6398782798275
50.438503152895	3.43318414102922	28.2032094095849
18.6759756499324	40.1409908850403	17.4475000321155
53.6085043352137	5.81296598809444	7.86625757248432
15.9227617159126	67.7968084196545	5.01157520572263
11.8422787226002	25.2755639260987	2.48894812655121
29.3792703325764	10.866437950575	45.7343792290121
13.0811030106065	76.515532925965	7.99176772497211
18.569418703471	3.81242232574728	34.1345021660135
58.8217229856279	6.56747715853503	21.5211710061511
2.52548470279457	10.7249929153942	1.82705866257989
52.9238157686423	11.2716681376433	10.2076496045141
0.133583601626374	45.3335348727803	26.4496003400765
23.9268525614994	11.290408396763	15.9389058202221
34.1364523089195	15.3501621053322	43.595408249458
23.3525538925792	2.50068949651937	2.9107109657073
4.72723692875693	48.0994731411801	13.4888719364483
15.8316797650567	19.9836050253285	12.8553707678129
35.9547604974149	0.903857173819028	60.0828244164972
20.6532040241422	47.9099238980142	14.2933754316966
10.689151524887	6.27010343888314	72.9513820134808
2.49272133339789	51.1988440301264	0.752717675991691
33.1767874924358	22.7038991743251	6.10207254351213
43.6618759965812	19.5787316745048	12.1293939240879
9.8948427056404	45.8797819660417	39.21215405651
26.7278817141093	12.6077644585668	42.2152750390653
2.93590719948332	81.8880019159466	6.25924091146292
46.4168949734498	34.9279639473781	13.5496909793232
0.688351458259091	12.539649807168	56.6800751987286
1.9707719804583	34.4770365555198	55.900417340873
24.4304335324235	11.9594452027043	28.1300997492532
47.49073975137	1.86670781200133	43.5676726715489
20.9947866951091	20.7352793872055	8.05148180017783
11.614580970078	4.54557766418232	79.9431232642118
15.7847924231481	1.83788156222453	21.5602683003807
15.1700880449126	66.6972825614257	1.87422889372065
47.4168893636283	32.4623323196836	2.62146019498886
1.49782155710171	1.37386443157395	20.9799943589512
45.8463439931378	25.410305580781	4.07597692873142
11.7612412254146	44.8582391929153	39.952837554716
22.0074043711682	75.2444229904769	1.78233576090184
5.43002160518897	10.1167594129763	3.17171323260838
19.1976585980494	47.029897918473	23.7632054946214
26.6611376435781	22.2599621500168	10.3498167872195
10.2945062845454	46.0723122330719	6.02599401307571
11.7177744450596	66.4121194120553	1.85123412024753
12.2206048631205	0.606958428680412	29.7778032393091
22.5584094517671	29.9515884043423	15.3769939278145
22.7627228120168	34.6979780749874	20.4050148932287
11.3242480490935	84.2692138553919	3.7464945594531
8.57543303099248	62.8128925630883	22.8585765337844
24.6913848559798	3.36487139731872	32.5278351700529
3.91128203082424	1.87641372991559	82.8467025341684
2.30833110507034	12.1076210923994	28.1464453452017
24.1001484562178	54.6991774135731	15.4454895832788
11.1354246321765	11.977696517472	71.1646862659439
27.1174527830991	1.20907099973833	65.426931560704
82.6376381715004	2.98980754008042	6.15510526399832
30.4492068153104	10.9006689912177	56.7535686105274
3.52538270108652	77.1630041660569	16.3461692241701
39.2528302219011	26.9238241142239	33.7376648251608
40.4073993863572	26.4331573743528	14.7881780354251
0.90313484002982	58.412668275839	22.7280859009959
22.1384032266859	1.43718496031928	42.5679160480238
28.9196705580315	16.9120955825374	18.2538078717207
43.3139747210378	15.6936193423782	19.7912540844601
8.94344710230057	59.8104013874244	4.6941575150444
14.2121309480686	48.5819328802554	12.1523845997417
4.92322691945509	5.71314748642647	73.8698684023087
14.9089460330591	13.0408189320196	23.3567000941172
4.43236800117063	13.8302002166539	21.9307327279498
29.4323036118561	12.6281355566476	10.414087125293
24.6596188864948	33.8800887269341	19.815493663687
14.9643042194491	62.3961935576034	3.85515485138407
35.6488643845771	35.3747429956564	22.760773088206
13.9993104217571	30.8992603471965	48.5361816587561
29.8304590535492	21.0123095759248	0.854180334533649
27.0243970803099	5.81840533102788	14.3624334197316
28.435423704067	28.7641517486256	39.6153271848407
34.306196977527	7.60197858680132	34.350801973767
20.8990911119148	32.1118795928135	7.3844866861517
49.9724805122113	14.385075641044	32.6935887954634
7.04693976186539	14.9033625213911	37.6330231025969
13.8246727240387	34.6885905762616	44.5542974139351
28.5154793544279	22.1905475120016	11.5299652849929
29.7045491308461	25.3098481452604	30.2843709151653
66.2527969881207	15.8562674726622	6.92645809935707
24.8186677809892	5.91433327920471	19.1406433094016
12.9139006663644	55.4288519338839	7.14584896673721
11.6902081350285	12.4917720968331	36.2271825485989
5.5061111717979	62.1576628937189	2.00556893926373
4.60350718563586	40.3579947260944	7.74541204224593
53.8728438568641	18.0913087064826	6.79904856104359
4.92088916009333	51.5951917747013	0.173428468486959
0.811568927397751	7.08670094939261	72.1337773707387
28.481770506353	51.7601806911454	11.8720788098276
23.0936142723512	67.2352195564822	1.51599654998444
7.57198357375897	44.7125696785341	15.0951297558356
34.6652711903049	16.9622896318148	8.15834380134863
11.4742290282036	22.0023818882193	48.8167084980834
4.23774705465778	7.40269366996488	0.35626124607225
14.8156712366341	33.4656404487163	44.3511314896639
7.95419523862852	16.1184416227594	15.2415631875589
1.11073278873727	10.1982235955997	14.7092310780237
5.26186032465746	4.20977007793718	51.2007141724232
47.9291370361713	10.988966194442	28.6775813105877
48.2986287904431	6.84346244989124	5.92021802715967
37.7075317957008	10.8196239968853	18.317773248217
