36.9670164012197	47.3757301212175
38.6757772130313	20.0947279669786
29.6355694204735	30.3171877424778
53.5926517814364	21.7433707889837
33.6822115973021	15.0838938146289
49.586082924896	17.9793170271345
2.67505180215233	2.92363730395382
78.1784844483149	4.19897684091654
23.7572095001848	45.8798039918206
51.5340913792765	13.8505575311606
13.4773221395339	15.6611102240445
61.0273892809764	7.4687325896084
60.1499364991439	5.0526854139998
24.9480599653665	66.0027776686488
66.1933931830308	23.0687681692973
39.2713825866912	3.81170897922093
1.06111862746119	32.7680395603031
23.6185206210327	19.0160039900877
60.6364373865707	11.5355123353822
18.6504757584308	24.8252196818708
16.839865602944	37.9315415573919
25.0106001389262	11.5159177740644
54.933957315485	44.5333975108962
14.3702830254893	60.4979803601736
71.3648873713635	28.2593497206733
44.4162480274291	13.4125476299844
35.4515736622045	28.2618516256389
66.1087641334668	8.14835676371509
14.8285830928146	40.0480873137936
53.0112500083685	2.59910845318768
13.7945488159519	31.9859660845185
45.336497922119	8.82258853354612
61.5418139200387	32.0895384680897
42.363267039118	13.8000248064287
0.117149483467056	79.6187094317836
22.3948643181449	50.756947161051
36.0141965728319	51.4245591831508
20.5557455404456	71.3403649960367
55.9262164197519	36.6693069397795
14.4235650610288	73.7906191841656
3.47963571710495	30.8017491040759
38.8009269902487	31.6974615825794
1.80433932775834	45.0966451992731
18.3916366744748	29.2805275084826
0.933373580190061	86.0465231286579
2.3314681380668	95.6072962822427
65.7850897245971	1.02855828638587
13.2791362299021	38.799277524836
18.1682739491427	38.7014755693737
36.0609363001124	58.5360838372894
11.4302205440729	73.9961329260823
28.6099027509847	9.34928129862495
31.7005408609754	10.6658054565386
11.9956854786704	55.020504284194
49.8235735808609	49.9676734441741
52.9269968405957	24.9484492582029
5.55527527143959	54.897658133366
12.6334751549333	0.0994514208750107
15.558907769415	13.8993053296112
9.03570889916071	41.081914976743
3.93611528162664	44.3955037483925
6.5487657704152	25.0539371394803
3.20051252059662	38.7708993343501
5.60908699669367	86.48177128587
27.2397117816097	63.9295445587158
45.9847953850333	38.9187956410082
16.730181414974	3.84018914952883
65.8647853256505	11.8279355633203
47.6391945256103	21.1859831219474
11.2215494323622	49.3880274004247
10.6987928090146	70.2648095648106
35.4728279800493	17.4543439957566
38.9256381610993	54.4730343178255
69.3079787163567	18.6937577643868
8.32375572450634	85.037712838984
25.4400774489344	18.0048666512616
32.1339286547778	46.3836844760849
46.3112664624635	6.05372865966229
5.79795213686207	9.13626812823874
20.3795400077382	45.7188702866989
3.44596766095886	52.5631771202028
11.9003619122786	38.344740000714
16.0684247576019	41.7880591199678
63.6784293054037	28.7360278557688
51.8780044055907	39.4378346574669
82.1197828194684	13.2339587962413
46.2515127594823	41.3880799158421
10.8033102056027	45.6754025284552
11.9261259734287	14.2935162942361
3.53890531861172	63.2056523408767
51.0270666568666	16.7448015961539
6.7933958521082	69.9790157237924
68.9692880813821	25.4801854609885
27.5812622288155	57.2056359877836
84.2947654352965	13.6374166764493
30.9847489143651	8.33114479125065
18.870897786166	76.5483167378923
16.8099018823402	76.1300881282101
71.3893873483825	9.69664506134421
42.1390935509182	35.1332028094368
32.6444388053587	9.27676656715421
91.4996782743836	1.2711126363236
57.2496267302193	17.7304225590687
50.6944288270056	29.3752767748084
73.4665634918337	5.43753095224385
11.0060127037605	19.0425214446348
33.7156786740365	20.6037192701379
36.9811549023637	6.95949010875052
4.38795644062942	85.20700632837
5.81471338207587	65.2386936197237
23.5820652561179	3.04735046953305
6.77365199978168	73.3265449634411
16.831466516867	17.5997851498424
25.4356593012044	42.014110573574
30.785758155764	4.74944357050091
31.3909780845935	62.9256052723739
62.1441608118565	34.6485302013571
25.6211956150929	2.3851723421296
15.4160692428314	78.9173431130672
3.22962813229748	4.1219508294584
18.2956753849497	55.8667783419913
26.0155147994009	43.8021380658271
32.9989838567558	6.25656913325962
40.1052096579714	53.9140532509955
59.5858107132771	3.42954103994628
49.8226243768924	44.6647221430506
26.6743537162777	44.3743096871182
17.026790239395	37.0818775785537
16.3528548164074	69.7544172731016
16.2463313975587	34.6014008552774
32.3519471717775	13.6413807112916
47.4331662745369	6.6937180267152
34.1180698639332	28.1453955583951
5.82242715443598	3.48605839697926
33.0820621611001	52.1250952743576
3.37317595415431	32.6602011139785
12.0223625153407	36.4029704762637
35.2196162730547	11.6364936398512
2.96380771462052	45.0291114137644
46.4807313617695	42.4314891185758
63.9319901186656	12.7602730005795
72.1169441342898	8.58703409721471
7.31355995280368	80.2268518974198
10.2682047571373	14.7729651605584
1.86132267204175	44.2866764237577
40.9621859160076	25.9133495045422
53.3348558718967	8.21580626453078
5.27955391690114	37.4283246404623
51.1283767182046	8.0985116344404
57.3593287064505	10.9550823042891
7.73809003072702	56.3228735031201
26.1347657191263	20.4466511124962
3.58801121059247	87.7015618084472
4.06692549775677	20.9321918529143
37.2118680911194	38.2649250972387
44.4938308766549	21.2689810531535
18.3872731022478	66.5392492741995
82.8090701172171	9.6572724215953
29.2506346149606	30.1034925645699
43.284690959046	47.8197910114284
5.07887820949726	34.2761672727187
64.3166054805352	4.22703572745763
70.886643543321	19.0944036092117
30.4225963682041	31.3868698810166
29.9291057651532	21.8352983341717
36.1225086898182	40.0823994726326
56.8020626701424	3.63804041577412
40.2898581886151	37.5276762235573
20.0089476164472	40.1998857223428
9.01429048227812	50.4289933715151
8.52327463613975	59.4175527148962
29.0633272514973	18.6258170374789
36.6101435090462	60.9737717830454
22.9416709965755	69.5460721708583
23.8507800846597	36.0675451048033
46.2242403282897	0.862158742203451
10.0801131269336	79.9936029966891
24.4299784882134	66.2482767208704
8.52768910514549	53.289454967384
0.91753271451105	77.1493499526518
17.2582147257674	39.4682183114198
5.65631152394056	30.3871177278399
49.3704497112755	26.5092672437938
44.3756955882421	7.6611158939363
8.54570391054531	80.4900410028594
6.84137582166185	3.35507760911951
13.1475026314834	10.6334848378941
45.1160936826449	7.00700320629729
27.5398559996578	40.6968541167196
10.9424757356488	51.0191343962304
13.4285430952108	70.6118948155138
2.81988955234172	18.9209902747166
27.5987543759862	17.4391514237221
13.5308291826075	50.9963198802417
21.8725811326283	37.1104950723753
22.1850453513605	76.1981437337576
22.8098202137322	28.0376481022861
23.8945469371483	20.4104602431927
16.0198427345696	12.0230931379009
24.7439237426705	9.50235012429876
85.134422073669	8.10769931790777
5.07304305446942	31.6562775669882
2.90114754014702	15.5756612380853
21.8061318722582	68.2934961134072
85.0322881643811	7.91214341666184
39.6091192213861	40.4470202235724
6.28117826128433	65.9333246601435
17.1640251843091	38.562646153645
1.59893715828608	84.8094246279492
49.1347112456033	35.7210813722206
26.1722293338609	36.7795469410622
23.2019722104082	5.35052451554245
28.6843768920211	41.7365222898016
59.305281778474	29.7332118403787
66.8919277223255	2.38033337629416
15.5896275376853	35.5176153292496
26.1671822639961	20.1227576565569
72.4944854958423	2.27876324312704
8.09517004904112	7.73621276381249
2.23284564084972	67.6183345111172
23.7242463620958	1.15124913917447
54.7927051106434	7.86927892261617
20.7164393834381	67.0855440511767
2.22721318818033	56.4427670819884
27.9164394493757	42.8957985448166
