20.3600366229005	61.6929444771693
2.77063837403927	86.5828253266322
13.6889033083287	28.9381252270835
14.9886994226783	71.7000724150334
12.1140358560318	83.5712540352583
6.61325250128901	29.3525980922173
29.0231373296227	52.6470891910824
14.9615210084997	15.9507739431927
75.5961641555634	21.6194924067797
26.0086800092872	62.8856353754576
0.645892834591629	86.8676294511499
24.3990512678395	7.96336196733795
41.6233552347977	16.6514149944537
13.8084635668474	9.00134658860105
37.4965247872735	10.2695402737099
39.3042254910358	37.5613492622792
45.6913924057462	49.2284004805742
82.9253612006667	6.77369125502822
38.1749112802441	46.0159912454039
70.2152777324502	29.1749798362958
66.8628799574742	18.3755938980615
32.6200476999488	66.5948175669624
84.1229676195062	15.7391397355772
47.5634039601141	50.0753918895849
47.6503971254688	0.918192742819988
4.61807325697414	37.5791868369929
16.0395246539449	23.9172947704407
33.726053793787	42.3142027306902
25.0458278344226	63.9272358100523
5.44953099705723	93.288234245632
67.346071529829	22.1114849774686
19.9569844733723	73.5482434153316
9.24623939639248	29.952252670169
60.5346574729936	25.9039106433764
59.2102872949141	1.16217439117011
2.23083063132634	24.1606136896464
72.7477248165513	24.1113569234085
82.6103658800062	14.2576165098034
75.0182147487152	18.6287792020611
64.5840522202589	24.548677226784
67.1601432222687	13.1517411736547
17.6222023636206	42.4912812386133
21.9715772298964	24.2045124174117
31.86029728123	7.82214315041068
28.2966113315414	28.3486104236676
47.0932702287535	38.0604342734723
4.07486609373003	85.2539984906344
74.3319910831433	4.93511758043203
18.4328540314142	76.6919184833262
79.9316344223598	16.5509690142008
6.4891545597879	40.1190846413929
24.9806660809464	70.714398087335
17.025883876265	50.8137023313035
6.99640671117064	22.9103509443395
36.6092390085614	42.6925036323688
20.2201052197349	60.3800050729793
25.9785583829407	54.3807099360883
78.4456419192467	6.16854499381433
72.3594905679857	22.2138951170323
62.2728038869206	23.3294179771698
5.45079941183832	85.0044866953997
17.9784850301121	52.8125513125269
51.2919523526411	27.0753561645166
53.9635454555804	10.7723647313064
48.644759482073	20.0996058155315
27.162811079604	13.951986010164
77.8462807544723	1.6512481037766
89.4012993617921	2.29110093894
23.2717570025808	63.2759639356639
63.995313208548	21.9919200157709
24.7140186022567	67.4075539072079
64.3782922366533	9.03784358363498
57.3145699022871	19.5381660571034
86.7582101313203	6.06720261558294
26.6405544367808	33.7032255873565
6.87826853565791	49.0008514137011
3.80359916193578	90.6875815199165
46.7770515227583	36.9592057247456
19.7832293434922	10.5602140587569
20.9941607066403	16.0802025422827
16.0249097813037	26.3458415988581
44.9765310366529	3.73359094547741
64.0637252778112	22.5966578920356
35.2337098844506	37.0128562846281
75.2878054861388	5.87574122747208
4.72338763285586	27.4190865119077
70.9533873344555	5.20526590068139
20.4044946098721	70.6780075890375
17.6783158060528	48.6204289591966
27.2870444354075	5.59597811922244
38.7789355305857	58.7897663278458
4.02432037704825	0.0700082164583766
26.6238562421053	24.1803936307227
1.72549584029498	1.07159996455144
43.7309016677229	4.37479419837463
19.2340428099195	8.95059872835437
40.7923970561439	13.0107555599002
57.4268088012127	38.4621416397682
21.6224539660022	9.85386935521563
0.520808436219026	87.0302199791326
2.16129226710708	47.4172183067618
3.9786542318662	75.4117006787153
2.19216328216352	64.5557022954131
49.8321504564174	11.4034412947499
2.32171192873349	85.730193129615
73.2646264477003	16.4980391582931
1.85142085042383	41.4105270250749
25.6935906716127	69.881787369904
30.2453389066483	9.58046373426004
69.4179817891763	11.4538958815177
26.9979749931944	17.4331750801919
5.07516968300341	51.748715551453
21.9882303485592	37.1697935448819
51.239449508134	32.327460372973
31.0423169895272	23.4931194332862
35.6859722806541	24.2943578978509
11.1593347094764	16.0162817761378
25.5558557461742	60.6088765247766
5.993718889539	90.7382674006458
18.64233786177	29.1469038599855
10.5100987528032	6.75221947336207
21.7277026836424	35.9141321088719
75.7679236008636	5.59125263504277
39.4352226701729	1.69316348698603
45.218436673851	31.2499629479134
2.4997017823624	75.5772493200271
6.67024003652401	2.96422420207608
52.8488262336928	14.1700613844069
50.0987777719734	10.4196599267515
14.9703437997821	29.0788391274767
12.6515846292729	86.8069198852437
2.42335861661628	30.9043643674368
51.6156404519527	6.21887482992321
5.80909610996446	43.6260095534967
54.5083196621893	27.3048007056605
0.0819794368380585	18.7634784815663
83.5930110810292	3.89647102164872
3.39381871903027	37.6364148397168
62.4394654121434	29.7839079190902
45.9208197639886	29.0155627434214
16.2796191481313	73.4208626548857
62.9256646907542	4.42350078580133
51.3485837501234	46.6299514037696
18.8470102934386	0.574825238704134
60.1059198193745	27.0710991821583
33.2881537421086	55.2198956046346
9.61238621250372	68.9315946628021
10.3376804899134	53.9070093323975
27.5105456484065	13.9792256122358
17.9291477976037	76.793533366543
14.6033338804745	79.3694697690054
11.0251815575292	12.6032326894827
39.0814294754907	24.3161037677508
42.7508519230182	40.5916345960422
36.9896798101206	56.5219118988709
18.677882253508	75.1156663406248
1.20959198158681	35.9757677353806
48.2553300206807	37.3693581378876
2.8505419859898	53.3078671215604
12.4677653016838	53.9186839731032
10.6216296603073	47.3207446966883
58.115651113035	39.4876675398497
27.0947493273275	32.7697441600122
32.2833904215523	3.1056617401101
44.0541465971871	16.689633306437
3.97920906729028	31.0148751041921
4.71569993752786	46.2919529277328
31.9728633072101	32.6563055313454
52.2855079044986	38.187738665467
8.05719741995316	68.9187074866699
59.0601631715243	34.1226564413508
25.1967353397965	72.9800977618341
9.96080297509246	56.4465780073994
16.9941139486591	21.1786448588495
2.6378503081565	11.2289370089904
45.5558387309107	47.9557510223034
16.5501576925396	25.4593455816895
30.3828216299335	23.823300713591
28.4805580174926	71.074048835353
54.0158501146435	7.90253901290825
22.695502556253	32.1769737322708
20.551528604958	31.1068630456491
48.8129511237205	43.9143626689512
7.02316458664051	11.1044121492209
22.1159819616545	8.97452496410093
0.244133966157275	81.007393533833
39.2791374303769	2.8187367146922
2.76384302543655	18.6871420679088
33.1477296227346	64.7256730425757
40.09405953814	20.0520069897417
13.580772240451	82.1575361686561
73.9826445812279	19.2784094807126
6.25080196477976	28.7431682593856
48.9580668736985	45.0413251505426
7.65840504675098	80.0930773746656
56.6372162926184	38.6255565279282
58.3661241262993	19.8767658415608
47.5059088540757	20.3159432952832
39.6151735166158	26.106419566137
2.63398829970229	10.1605991414565
82.605734599105	12.1717617438043
59.7964694070613	13.7467735976664
40.2253491525656	55.7543374391991
24.4146332258427	56.8325952425751
72.546098135666	5.57010728193918
2.55389129861905	7.5831993518319
31.7696215267152	45.5292269799529
49.5613065779029	17.3071906051166
30.6388013673196	58.7041047675089
22.5575636246044	68.7936260685295
37.7102086961783	27.4434117728115
38.1288306033839	14.0864695487947
39.1034689913986	27.242289542799
11.1038276977389	84.080738753118
82.4539031286044	1.76361179992725
35.8956640287748	37.0765076191521
6.19303086129624	43.2315814044474
52.2482758165562	5.62126613483823
26.0269421739629	55.6210071573132
67.8598985857609	31.1616186197668
69.454368748448	17.6831519779205
6.42575798855431	41.9722402663772
34.8532874765123	28.8751895673923
42.5699862384098	24.3739488648129
43.9449592698109	0.633701077026176
