65.2410701686708	24.2602243201156
5.84336230803438	8.67437832461408
6.92917779410685	68.337007690378
33.7480433442388	13.7238975678216
30.1307636919109	43.3884226919098
10.6858095669587	86.6073000648093
50.7483275843544	0.73638930951077
35.5561562048067	38.9556099842096
41.7175267551642	56.1949149501486
26.082024083511	55.4894772616632
4.76172492129809	51.4985314344515
80.6093262883878	8.26354511466974
51.5569287126683	24.2495655660748
27.0069257016326	27.0621382291718
1.44400149651058	5.10697299852361
38.6266977706117	59.1872781325072
11.9048743564193	72.9881142140311
29.274507625622	67.3310774226352
31.8030214550919	41.7648212247364
91.0420570946494	4.08351784762159
5.45682660558113	47.800686651748
24.4916057328189	2.02322863136569
12.4230579996589	84.3091061731377
8.03811196612106	36.0922845714224
30.2335363487869	7.0802209466138
76.0335746575303	6.6033319135212
44.9105009645738	28.5738897177269
10.3156450718248	85.2421044768962
71.0970435156939	11.9685458075109
19.8223087563283	72.8404031939993
0.949659571493817	35.7448579909954
15.0567763089467	75.9836393762304
34.6956723996884	55.4987045729061
71.301071984368	27.5957681832815
44.1347365938754	51.3043858815471
17.5671503029611	41.0710381069551
6.98651452874137	31.0106204035741
52.3274133225565	39.2495012559227
30.9261851156718	0.454512192148022
79.0509431525371	9.45905996927016
63.7610521464427	24.7896814368617
3.71104926043705	55.2847614769287
1.39661217173404	74.7348317758808
35.7791489622459	48.4378064742488
40.4347613176493	9.87889259582334
41.1073678830207	19.7926576341468
36.1880724952501	13.1944067837644
1.31507776738847	30.2856043587837
7.7503851650983	78.7512706493732
24.5725194572343	70.8465597922199
40.4388555048215	7.25678867067061
47.59333662111	20.4957118353321
8.14223168796964	63.9909332916098
5.29188914470928	29.3076966094355
8.1439822018817	64.3071485051453
8.39824653621681	5.9504410279684
77.6373761136259	21.762312726007
72.1993210130368	15.692360659918
5.0521750957948	37.3241444757786
1.38414707099281	31.6507215293361
6.9742599069021	33.4247972506214
6.58012009532196	82.6882886619718
29.4147151659311	45.8401249003783
27.6675848419161	30.3899602640373
12.5940526894266	76.379820646895
38.9342064684882	48.57407903698
1.98947400878625	94.7099248388363
11.5503999924056	63.9075778256671
8.64640325710476	36.7233203429372
58.352469074704	17.2046927815325
81.7314577203856	0.300185661902738
36.3724883349484	55.5440221706145
3.98313668741991	76.5842996428648
20.8307445611948	20.9242171239686
21.883927388994	77.745690698617
15.3657543078837	80.6192374697976
82.0068308999794	12.2100223843986
10.6804026340509	34.3592547505904
31.3368217234206	34.4055034846093
44.2677817513551	41.566695478543
26.8510121977194	64.0190492216586
89.0883800057175	1.68928834688351
27.5350894907187	15.8333573564111
62.218534835716	0.34642801636198
19.1660971004358	46.1342661856368
90.2901222884143	6.36934289074007
81.4195577434355	1.11222025058801
46.9291000845512	16.3013745640877
51.0932506300012	24.1624659505498
31.1550288606226	57.8648781673354
30.457007945728	9.4481084539779
26.476532745397	65.6488994442154
16.8892569918601	53.2663710663404
44.115381196195	37.898438860615
47.653614984664	4.22154269377773
54.7601882623323	6.16048984516435
27.3570678324239	3.37262354016892
70.9697378198475	21.2686778610892
11.0657507605226	29.2804448070379
15.6772582399087	80.8420138344364
8.16173637665889	6.2920073542241
14.4284319665415	82.370612529279
22.5732235343071	69.4328477463838
7.27320895868969	91.5972484702232
42.3098598803905	38.7579965119986
75.2653866891122	0.681150937770098
17.6927563816741	24.2965181005637
27.9796140398735	58.7590690975818
12.469003727878	79.433369766657
29.7367024839561	41.3616076304398
89.7931107272362	0.228878948944099
13.3404722499384	73.4799876219965
66.8379535744143	11.0244087926226
25.4076037674246	72.307754248524
43.9959697630238	42.2579129888946
54.3909984894055	15.8766184076092
26.6970519566429	58.1255173115644
56.9638440185058	27.8398391920327
7.08759827869367	85.9507190929496
9.02129402804249	43.9228674135743
40.7092517897064	24.166820535514
20.0944061018966	16.9552052472509
20.4517364597189	70.2110907389834
17.242869230566	16.4340802544887
64.5223941488761	16.4099490812095
46.7829356653536	25.4617489992928
0.960376067534264	68.2595753894465
20.5047837088372	46.3711112487927
63.2864602204815	0.0731023494494624
5.11753754928593	87.1539927959228
14.5911850103136	52.3618260642336
7.40166618833396	37.4357932421545
46.4911099739797	12.3750679252553
23.2064444679797	30.4759930029865
18.9889342146874	20.3786341102694
65.0935531896975	30.0888764346432
35.6991890052795	54.6519818038922
54.8953722486717	8.40208721738406
14.9387007648771	2.36127814387962
34.396124507485	8.12971578358194
7.87117053189835	30.2742005466829
25.4327233067866	17.2951467415761
19.9479647539314	20.7965400632455
27.4595346429663	8.99882167996784
4.81104711294689	88.3207057548318
12.5074635783711	34.8193526430146
38.5605332621189	17.7035720635688
11.9912383668084	86.7008776807696
67.4167155136432	19.3939017687896
26.6770440278002	42.5569963373975
23.227716667218	7.28115598078871
79.8825343977113	15.0283482461368
10.3262357927515	37.1588254520478
7.96445091625883	42.3788865294209
11.3018044323203	4.00528931245454
4.78768316320501	86.8398474468104
8.37458260747352	10.1132064173525
18.1400001133513	56.966713237095
24.493116850263	34.9746854673022
6.40176763124846	7.98594905435385
23.3174302258144	14.7520495647341
65.7051382426662	5.70857525137652
68.7799292936828	16.5638376104477
17.9920557504483	30.3748008005204
21.2658323446595	6.79352558534291
25.92848754764	15.6429287584698
47.3197514877281	1.12939667940577
8.68761982242	7.30856783097077
8.76828353329016	89.8336769034312
9.92965684734735	38.6277749848681
76.5717783368061	18.3303496420059
26.8789463801677	40.1217002142787
44.2619950251011	34.7181882870934
26.5763528768794	61.6377589579847
0.795709155870466	33.0868946542437
60.6661975666258	22.1880335464087
21.6065172672302	31.4321554412284
59.736162684735	15.1866638172356
88.7639823783021	7.19805127344935
44.0062168259203	14.9327624658741
22.2042125753147	12.6465658716143
19.5805177183731	75.9284023083413
12.1994372979735	87.7416233009387
27.2083189930806	32.8650045827334
67.3799790755752	31.4989142266563
4.74988874269178	75.8699315487733
21.5314745537618	1.99122154246607
80.2644762584308	6.04445864727928
1.99485649447649	53.4681462931764
20.3902517074674	44.0721697844901
14.3903535857752	28.4290821889551
73.1758195781968	22.7252455999727
19.5877803580779	45.9251283881837
11.8516377228553	64.1778820958817
28.6305705218718	26.8711581020016
2.44816253075756	80.9974701055314
25.5183863106735	42.0149952834542
34.6682862074432	16.1597539280354
27.9050472788071	3.8474634773319
2.33065690953781	64.5140223505506
22.4209914088347	37.1205181521925
18.4746509969582	38.9508968866202
52.8795293778551	0.856607687127128
16.3262491190463	46.4795738675071
7.25981062616213	44.7297883428306
34.5850665748981	49.531529447777
18.5537834738166	72.375358302321
43.5944714786459	47.3376153723046
23.836979513912	45.4944213132814
8.39650710504339	8.85578785504018
24.715318914836	72.5552749226593
43.8191189169041	36.7888634264417
57.2542117243885	29.2037574710342
7.71130724237827	38.0978296222621
2.53545157729436	20.2568257787529
45.1901009051083	1.30702899829812
23.5920711530336	35.9549443404912
45.7878148396443	30.5964643743804
13.1969467332572	58.0313348947239
94.0478539066612	3.58015373515904
1.05553767693021	26.6363376875577
69.5096590879884	16.6893865525207
17.768016279567	58.8501889532666
58.2914588778706	14.1933761137507
12.3227317874891	35.8486827164184
