77.3119046712815	16.6588235258399
22.7655874205593	72.0207614693887
29.1623052345413	4.97007714815907
14.2965724292661	73.5871259465754
42.0258279619859	34.8720685275607
12.3256356512781	73.0201441203338
82.6435147703828	2.37823273166001
10.1995605557224	44.8635806072799
6.13781088317642	22.5121481448934
3.59617108646602	65.3103126051418
45.9202962210031	47.1497479114447
58.002572626808	10.5222113479498
17.1199879223108	31.7283118757085
54.0732611222534	38.3297536234976
7.75009277637587	54.0482505476327
56.7481259148326	22.540452434933
4.33318787456173	49.7454433002255
41.8846900304242	26.7840725028813
33.3107073480779	13.7848203600314
77.5339235912701	2.43607917913984
36.7035054772643	23.3621818122278
96.7688796095405	1.80342430332835
3.51220625616247	93.814184932883
41.6989473354532	50.9152028946742
48.3049716094066	33.3296161765836
33.7984072667539	33.3797461508679
32.9904060498767	44.2177522667766
1.75880673423354	25.3355636379381
61.7373570155992	20.9002846017947
9.7534696616947	12.8740127258347
17.3447450703684	35.1241653483008
25.7715728253925	2.52976357123338
62.351350096218	21.3826135831804
16.0588457323885	58.4099942624616
23.5761465148889	38.5594575379786
38.8065649377213	51.2530680984506
48.7028677243287	13.1574289934511
54.9006452573932	33.0093148783824
81.8664021705586	11.6056741734993
51.013012952643	43.348812471772
45.5603908028269	14.562664094643
33.7146270245847	9.79288947293204
3.92605764974191	75.8770475051725
1.79164125667496	51.0744138858628
9.70712653813284	12.8629730608608
33.6510903824359	13.7484906305319
0.485567655640453	46.73485441447
10.0759776821714	38.1418117499639
17.0482221138888	16.3757250720522
5.69267729562366	34.1402036296857
24.732734134762	40.1487264037825
41.037278874329	3.82623137153044
39.151030424587	34.9559421813842
4.48668641247167	43.3136548582994
2.53572031042339	76.5051646514354
24.365554854444	55.2194919228644
18.7026280065545	4.37386185134475
5.697575540141	6.24974631064094
81.5374415281869	12.6102155598859
15.0648797932383	30.5960335911233
49.5512843828421	6.86714090726671
15.7831715493385	2.2271417091727
37.2828804130121	55.6213626897062
31.4520716813635	26.4235334593912
27.0941349803908	58.074763025192
5.29117784709259	87.563640385663
45.9401856856142	52.5811346958304
48.3253278063262	25.1454555546611
40.1546121296262	28.2327918001603
8.19122153715753	28.6298476758552
39.0886234301555	52.2459594310475
26.5279172111898	16.4754862973818
83.5044294053244	9.54028978456757
13.7391800590508	31.4165771153833
62.0725295795466	9.05008861285173
47.4301411525487	2.82222400550834
47.5745811348663	0.910119526512045
1.301094284887	74.8481755493433
12.1613573339588	12.5184746983081
15.5042303798274	5.1519986731708
26.0532174846405	64.0246838629361
23.4392654725533	6.66230526131685
2.9279360561296	18.5301672753553
13.0754658547581	29.5483336455879
38.5067793719968	14.4968285758499
40.8859453354431	35.8902012165125
2.64607169788614	71.975450623769
7.53932693392938	14.2100812467793
44.8287594340876	12.7863810457226
72.69753225739	19.4797455423883
7.97731164282994	19.9497889354591
14.7971713053049	39.3670330007407
6.12215255672212	28.8999738771934
46.3578657462997	33.0472956565429
9.62172714510082	14.8791203344609
40.405676299895	51.4638148487843
44.3733433933805	38.173593691631
6.51951693301998	46.2108200165494
67.6597634179796	1.5189123347024
26.3754275750254	14.7362642058806
9.85801839728747	21.7411562901648
30.2817557613746	56.5134967940457
20.8268106080717	54.2019485748382
40.5722982904745	15.9805975463151
91.1450118250889	0.147045729750323
34.2197951554413	59.3099196251994
23.7130397109841	3.26381516794852
9.78751937383205	24.8661543358425
37.5375915493525	50.0060201389743
25.3840094084777	13.4578148431414
36.1980631650417	16.3954541629159
34.922624209394	35.9381427224437
5.02862991067983	61.7667806622418
19.9821534193969	6.01092954446139
24.0353895928875	35.2095538914248
10.5012314443017	7.63780288753929
30.9844573172668	41.1389916861146
79.0727897915397	2.08330093979989
23.3983590376556	2.39096614643511
35.1522864006238	57.4315701413115
27.5418191810799	44.1485860590584
34.2226781576046	8.00648816302721
12.4061245063348	73.9154142671802
43.6705848871128	7.95665202101537
42.1206494058113	44.7776862628654
21.6352627713397	28.2737577000045
61.429886408816	14.8802271647752
39.08985547679	15.1478905301298
14.2485066383372	34.8359876940194
0.986875733820198	2.49474328127445
46.1713439068624	13.6823492654051
43.2081784788557	34.2951035286743
40.9610797376191	20.2720592358485
65.9131368929116	3.74954058963318
5.05873058226832	19.0747876274748
47.5745631137744	44.6439954660106
71.273324532096	8.83459719309332
43.7908105290452	19.1405194900653
33.0420793188	4.36084335872943
18.7186257069552	80.3726256733633
48.4068864250588	16.6986070185428
71.0152884344642	14.584092756074
48.787381103629	1.52734844085171
15.2478032350763	80.9743326068736
62.082522018851	36.6002363788896
1.55343352889336	85.5405112195483
48.7859646551246	32.5243505335061
38.1259946330106	60.0865939446197
0.924828928394629	77.2968771296073
39.9117463919854	4.26420034107948
48.1252310556011	18.4579865627261
35.0251484359732	47.8346124514167
20.4356593175026	73.8898311620065
1.45080378346648	95.5172909402835
25.4054471503037	7.11893015872637
11.5601375752874	12.4972536286792
31.8138471021381	2.38051763846563
0.602519512457084	65.1121476037019
34.6053088710668	10.9836028939968
13.1822876227937	43.6245354561249
1.57508794291648	53.7188210774766
35.3904552456878	55.9503423776246
30.0648753205616	45.7447134171355
36.1145930067238	36.7241946220045
25.7365638510029	52.4518368078637
37.7097231977199	5.23974299674842
1.94873125383106	29.2690237654694
5.5438422158099	38.7041927961186
44.1069644615552	49.1648042803466
54.1814061599697	23.992525517937
28.7170164886476	68.8293748855728
54.0196403646933	6.79662074278883
18.2795401282048	18.6600403947104
7.50994244940111	64.850893320912
18.2406191799047	63.1505461703756
19.0663457471255	79.1167364358514
51.31994246101	45.3607324256379
8.53752247455414	37.0942675681292
8.00717813335693	56.9071889654301
29.3833738329743	54.9411698034691
10.7219355696449	65.0532658980476
33.3624401285138	61.3058063952745
4.92617977081154	49.6002800527961
17.5094324245627	77.7077305492515
83.7468624039306	1.11940526455613
18.5345641889305	34.0686138877965
11.9304435383205	55.752306224663
17.7903723985843	57.8577255168267
6.9290756745865	68.0312516018894
14.6524039165361	3.49825718603016
35.4477348902485	43.4842565765065
47.5376309117012	30.2575008618913
7.19588771797525	58.4068980805608
39.3977565408674	51.6756432837228
41.5154937382394	41.0166134783144
19.6491668557977	78.8830942841634
11.4980212931978	74.0697266413224
43.5154339966902	47.0684542539848
42.6712043782096	49.4781808226733
22.4901394091966	70.96545652997
31.6773117201763	1.87960132112708
14.2368124864236	76.7737589202699
66.1874848726147	15.9266874733971
72.6010463072923	1.60469962358694
31.9862352833088	25.6553649090488
27.6105579583023	70.5500372082694
9.54220719148508	57.4168562690806
7.96955558842493	9.61841997207069
81.9645846644252	7.19622858203772
7.24558257835246	2.82001141590067
57.1941872393685	0.195496296601135
58.8746992213999	28.0645537786486
13.2592846701198	1.15943979525913
34.2191882125191	43.6867752781542
34.3780244395034	0.571367237982977
6.38448028191201	15.1841900382117
58.6799886350892	9.8166895610358
9.05506452967183	78.307457351269
6.55417559042302	20.0003917887809
13.042441202813	27.1696896418788
94.5461872939701	4.86659012030186
0.222669029712057	42.7292146918966
15.1577015477967	62.6265532628757
2.71129319570553	66.2118195864427
72.9770403695186	19.6865461392731
