18.6335190286085	17.6028546027852
55.0921751442795	34.4785508394607
17.7511182696331	77.3758909559696
57.770357307871	33.399901414942
50.425900682074	40.047031706221
21.844583666811	7.17799482270051
82.3878532193545	10.2441765881349
8.78258147685909	39.8403170704098
3.68364248596301	93.1464894642804
37.9323522736935	56.8561389375739
7.31041217563227	86.4982277557711
5.00965039479064	74.322461650857
10.0890837191088	74.8002797713504
67.1769539207113	15.0451434380585
2.59522143872232	49.4391320503499
12.383228918716	55.6512416133896
2.11467943252748	9.04602641661001
59.654114935386	30.8455491582144
26.2486263300519	5.0525147025718
0.155092869026164	4.87724510248622
15.7314506898315	28.3142174260291
22.6319547847993	9.14490535349814
37.2766579674914	46.7576157053735
73.1805142355992	12.5593925419074
4.85659339691354	31.2951692525741
38.403520704435	44.0393607337211
89.5510779179405	6.55583110943243
12.930464005531	59.5303590686667
4.63845404080975	46.5694896162345
68.0948742516781	16.5153517930374
23.190505720298	7.33071421614416
87.4872691405412	5.12443045392839
47.37108785071	48.8451314386191
3.85065479383369	19.5802754813713
21.1863262677502	30.0747947441762
46.9092842409896	25.8065078062036
12.8993554100857	13.6892337881444
0.195921305658259	36.8688032202743
15.3261671845457	50.1463105669926
80.8069740332696	11.7335725164663
60.2193431743511	6.11660299176192
42.9069609115398	53.6002387542279
84.3858850115844	12.5970128982314
0.621592533132803	13.4467814180287
12.3524338530155	29.0362805263308
53.0005984255115	14.9849073099833
3.61599638295173	9.50127193215362
7.1347929104859	50.6184659202669
33.5189642540733	53.704344226841
38.7733014481018	9.45275375128386
38.9213199442817	5.13736466185067
10.2030060301549	59.2991166558578
22.3161675139871	25.414122652921
52.4829182086899	38.8630736800204
55.4941396021723	1.87938576651709
16.1613626480854	45.2344358643677
2.50060660881019	76.4531277010465
3.07932687135382	45.4254978547923
14.8269373061261	81.9203125228734
79.4596233775186	6.63856184419178
23.2968845513169	10.2475181269681
68.0571679808466	21.9181793843946
4.78190127982847	44.3168797270939
35.7612161132326	31.6395784875562
26.9142909100811	51.0632226481397
10.0716150878331	89.6058363325921
61.5859605193073	20.3527287674848
34.8005586000162	13.6967691656653
50.2248023870517	21.0003893454561
44.4721793497317	40.3958549911137
45.9544992754024	45.8443563644981
78.5825012152002	16.5425351897918
19.6529108191155	77.4629592790562
15.6013783605776	68.2981288844245
40.4525345845393	58.1837268817163
9.66428174155964	23.2729837872428
45.0526013248845	26.6571194988941
28.5198687242902	9.60011538565164
35.7661709821625	52.291191347079
22.9480447820146	43.5875038353668
53.0570772723561	10.3717557202893
31.4103118290241	32.6086558087769
24.4287458827853	68.9173257299314
0.79175503961358	65.1961059147474
56.4477143606393	32.4600944912341
42.8997074919286	18.982239868018
32.3534028289623	39.2400416262634
15.8493290729119	51.7647696900017
46.7569253159486	51.9030370059903
52.3682925628351	35.4863808655582
12.7875981446298	70.6866127768003
25.0694483635339	19.1362356856168
22.6281341270675	23.2291715327786
23.4481251442098	41.0758872242066
33.7468590278862	17.754762441737
56.7359120849222	6.79549351651012
48.3550618627831	29.3071159298099
40.251383157564	49.0269853496118
18.4391805987988	11.7508065475853
80.091801928399	7.41332662637035
31.601574286633	39.2027908187373
42.2492002333744	7.57807302641593
29.1366355629343	23.52775378317
33.6252317920445	3.22139747590823
67.7293699550114	11.2924053386284
1.739521837672	95.0328357028928
13.9507006918782	18.2739548470238
39.4140755941226	2.47245095785356
0.263675116125343	88.6538220982318
48.8275763806084	22.6550493960525
17.7132900421104	57.6443833101748
8.80296482183177	14.9518763716109
5.67380478869835	11.1618060204954
86.0223840391368	13.3276194396092
68.4216169959035	15.3017060436782
26.3896662399125	39.7767492755208
68.2653147579475	17.9602638901958
85.8775399559539	9.33870659644655
14.5447700817812	67.2354716189371
11.9995345883069	6.48158616688176
31.9001565370244	54.5502173968359
85.5081074337978	10.0849866448366
12.4657183477961	75.5707358362017
9.47099002519203	55.8292974512229
10.6533973993051	2.41158399843219
31.2547170702623	59.0499377153115
57.9034712435228	13.6513809271396
0.407106289829643	12.5405510014578
67.4247376003418	13.4087636197958
63.0112702786044	23.575357358705
56.3336782419745	30.1030689524967
47.740615134938	42.6663803601015
3.85662941441714	12.5923195446806
57.1946481043448	23.8639833051078
27.9029849115307	66.2034836906025
18.2257338046216	64.4857512621608
17.6672645926789	49.7698099584178
58.6388466221461	10.0067317998068
24.5925448483753	3.6571101302547
1.85528961096671	34.039487938415
43.5598428098298	9.41109154811645
79.6785373611741	11.9849879816105
8.62559308699593	2.91789760948992
41.6109388422272	14.5686236743669
26.827692159837	13.9754153387507
28.7682073790432	19.5008361337245
25.6134947415504	71.9789696261189
86.8033842587859	12.6075568667648
9.93875125885883	80.593450777509
8.682364369129	67.677206996678
30.2542612097479	33.8427952182678
51.357406587972	28.8080277055539
33.9493912337112	43.9023604820959
19.5371066311081	79.9529677163591
4.94479267156906	60.0832112878949
22.9553581322335	37.7265119635158
41.724708416371	52.9605890405181
27.4502610449913	0.3813392950135
39.4500363801839	5.27491588391127
15.5117605419419	3.22165722177441
11.9116365033722	16.6593526101948
51.4261632465879	21.070613302789
49.7096536912535	47.8993525485971
67.8200263380166	16.228105414765
1.73332244238505	31.6908816488883
28.8980025466988	25.0740845338786
71.6948196160117	13.6308946244562
80.6799217502959	2.98338360292063
83.5689765324672	4.47152806654178
28.7702440883826	21.6570899922667
1.55312093047105	19.1557673360946
40.5029313361752	4.73704729449798
83.0516190189177	1.72313544979465
48.1715747845227	6.29600552203879
14.9655125173579	69.1319151637759
56.2029653024874	10.0338267674827
24.0625864938193	2.37617651111268
28.6865196790018	25.8191417557277
85.3564690264671	12.5283769390212
19.8922567627822	13.938308653393
33.0903760777276	46.9546351800461
46.346231618126	27.9770267791939
81.7788052753447	1.82582866485502
48.6392626299706	27.1748670969041
27.3305459075284	65.7542193149003
4.2708824874232	65.3568355670929
8.93383766940508	9.00535388337697
48.2685627640544	18.7364173208999
14.551024751063	70.5232420798965
24.4268698731562	25.9565111370555
25.4736667617567	63.2877055850288
59.47876631258	19.9996334593741
24.5105058534585	5.69477146756592
5.00447098398789	24.0850221943506
30.4580602005394	47.1692871987677
37.507779122101	30.0212557101721
26.8750307740993	11.0791539359275
45.3439884098917	42.6692436182263
96.379981002016	1.02938534739864
57.3418531833877	0.706784101532206
16.1951937322482	33.4330685592411
29.2287951471418	49.1206072499606
40.65964112089	5.12727643601935
31.473803627991	21.8075673663093
71.0945209353671	10.5037634775526
15.7118887248039	17.1397476536873
23.6196524573582	23.4811205060599
15.9241560455058	22.0271444516383
7.86448568471916	4.79464628956963
16.2220987101188	29.7512760990072
73.466009541166	10.326237050037
13.4404484710844	43.0725773997012
10.8652150309017	74.5724136357067
56.0870211366969	5.69143025469567
70.9317388343307	22.5316157203781
60.2119511739406	7.20165069550353
41.2561215652414	35.8649948313204
88.9051777259005	1.72252752898379
48.3415578251432	39.154469566026
80.5795521850602	5.63951814809792
69.363974672446	28.021943535666
63.1785722277959	33.7761741754488
6.27453262278556	49.0472388216514
71.9324417747243	20.5591547864299
54.2392159133401	8.13463172322821
