23.472585074358	45.345253984139
11.6236385477817	25.6729353804481
8.77748551255906	51.6596819980348
11.8557508158757	73.0598020241874
75.4073955469799	5.64113124536403
11.9947459138905	43.8398677594214
4.37360936979466	19.9586320761399
44.7904620993838	20.1185532939241
3.44259231511624	54.9984281207428
36.9187440895097	51.6729638221082
25.8736425199889	49.8556628589778
27.8380389454952	41.5414773121204
11.0964706219251	18.5505108062879
40.9716446143443	49.6213284086535
0.863389112457349	26.9169399174475
51.9739025514451	15.9527096040327
28.2693399248036	55.2888422530558
1.43389874204709	40.3115311359575
66.8893127082332	6.48739035543398
33.3245311553239	49.3751812490519
62.7912827594165	0.624950928904559
25.5967176172867	40.4289239274473
42.3472596529626	24.8678103670794
2.96834549073519	54.9575838516269
23.4036238973046	70.5848002669331
20.6594360622854	20.9854104188203
18.4558151375762	22.2931599813947
68.0838838071022	9.4991170845456
34.1518829270042	51.3489516225406
7.20662940629135	68.8240056712292
63.9508392959604	12.9203564547563
46.4068357583167	28.0823041350033
2.94352891060688	88.2482558434123
60.5173723588313	10.9433658006337
53.2654783936522	32.017351422467
6.63396097097265	71.0072933561203
13.3000924313907	79.1026037554734
52.4638495652302	7.54628200435372
45.1896276069757	38.4991362870201
10.2676891769598	29.1313070473873
10.5313415688143	53.4375089935202
13.2936303100053	10.4703601964146
16.2393378169459	73.2899628455238
38.122697797661	12.7834808140916
81.7564575382305	9.41562732188759
65.4150955217961	16.7241993903761
26.7451316708443	11.7279646507129
57.7136630461149	2.82973223497613
14.9771119537657	30.8001432711259
58.1677865973524	23.2087967094075
37.410823599161	9.41681066035144
71.6810514552896	18.4188592333434
78.3250029097893	21.2131861696081
21.6597335513959	51.8091440907722
33.8749321801006	39.2910392206586
7.87486732372775	24.3022175153262
21.6187790136872	69.8863302217267
18.8681524334793	48.6373259446758
44.8260991577181	23.73814909893
22.6323939965257	8.32627243750089
33.4029617409236	36.5004768765068
1.59001769572032	28.3350028695236
11.5330831201435	48.5200723859109
60.5640737156216	24.5033264274259
44.9888417241112	4.98189465374774
17.7586310160154	69.165325383267
63.3855102413266	13.2925065761863
36.4833684808032	34.0099946288438
7.7207525296699	49.3336878015351
70.736291525297	24.7109504065993
20.1138145849639	5.03067826155139
7.37693528988256	33.9851000504499
8.77556563763673	3.71528477580998
31.5417209321362	66.3445062778632
21.2564156489709	72.919139765631
8.76437211817334	88.297511119534
3.10027254889732	27.0803615111301
58.9513854398166	19.3989035763773
89.3659113856805	10.1721110801083
52.6648686512675	14.195538318807
61.7883900933845	29.4004101908768
4.51694093854955	32.7680837049932
57.7391313657812	25.8414185260615
37.5237309082987	61.8477538981697
58.621163367583	21.3696098520279
13.6796376265956	7.0608773301639
6.94295331227731	79.3639619272966
35.9037167559861	50.5993158326481
15.5613323280408	61.1342336801506
73.3315990647914	6.20392095586468
24.201554769744	45.3681935767495
10.6528308292166	81.491816314632
12.1617808994659	24.3056020812623
64.7663227584056	18.0990435267328
44.4395178670248	16.9023442160815
58.4116525288726	39.394667716415
7.7129534015958	87.5382067577626
10.9553436334037	66.9037802922091
22.5778806128436	52.4172424117183
61.325325286633	25.4511369976453
6.82250070703332	52.1750052702497
37.6552401751537	23.114624071454
70.5364726812283	24.9728989903689
24.9576370348025	34.3823426097549
65.338942625252	27.5973097084078
56.7737182400998	18.9883808693794
29.4150615713629	58.2700371082267
5.01004299382215	8.84261285366612
3.08820181670049	77.9836350018082
8.44561057558544	55.0306913233505
45.594741704685	17.5628217484629
50.0273952493572	38.210701215179
42.3184273030229	0.00228211283790046
33.5313979226776	56.8526952326543
66.3400141365547	1.62652707734449
49.8094507259361	19.2842235878502
54.4489421669622	28.7250656768331
27.014193277347	48.5524635988066
23.7975940219115	8.80225864648924
16.5272884147834	41.3520741469004
0.263440655667074	99.1903168611183
1.43935121662885	43.3938440137514
27.0562920845376	18.5630170249208
13.5414194378729	61.6725636467676
48.8171608880242	5.00776088098425
11.6436208652536	6.81908349824095
5.22124059741443	67.9775311462477
77.998412809334	5.39383627725478
18.2555914475841	21.2147679278696
18.1842789604255	62.361826636997
45.9870952395662	3.37654352345343
49.5920836225115	49.8081452445165
74.8501272289316	17.2711413899768
0.187175860715646	6.41560671218466
35.0110441609337	62.125030375144
80.9092168141665	9.70820491654249
36.1308335494859	49.1352328328114
25.1382525661673	5.841524156668
0.378738064495259	1.71188991596545
20.913582677447	10.1648759144195
5.26891942381343	40.9701338694292
62.0312339449447	31.6401973514074
67.2457099739675	0.4568507897001
35.2962759953441	4.86923707875853
35.5071870775461	62.9394592079052
39.1999326828867	24.8461682465142
69.5201637547091	12.5312785210699
2.40553631559272	86.5367373388897
3.07629727901718	37.3251996642562
22.9290559528996	23.6634476686192
38.1281686192975	55.985374774777
42.919165940452	11.6236292345559
63.7127396481637	0.399682345054896
32.4049831053265	61.2940502172774
6.60530058974647	77.8030279454789
39.8209844435663	37.1850656984304
33.2025930440065	29.9205103097113
27.0712175998237	62.8968944134642
42.6801791147702	54.5652403284634
45.8463413388684	20.9099942915654
54.1317542335632	41.7822470617398
42.0678006680998	42.6155305200329
7.72539978275327	82.946091602997
13.9975478006515	25.3434076091942
51.4320993104168	12.9986556307406
84.5524116347322	0.815845234699475
41.1049535689433	27.0834882869774
55.2580633923682	43.1747258841874
28.3655104359451	4.82586310469818
9.33573567743215	21.0778326825601
10.1235903846675	43.0487767062377
65.5242645021175	17.336771505576
3.1331410180466	68.9283466753216
19.4629189183297	72.4116335960159
6.37523364572564	60.0308198295677
57.5816708419387	1.87425003474311
42.9174873246427	38.710592705156
41.2012404488405	55.9582386892095
14.2500200840877	2.89953667805509
2.87506524607309	41.5036349284945
3.71303181336868	75.2395319171434
21.3984611078158	33.3179695221214
61.5592237848599	17.7860773251327
14.7025990368345	80.7532984208098
33.8386751403281	8.24934034992444
0.131289381594998	58.3922207161748
32.7774821467593	43.1213876898966
66.0532814292485	12.3648745531053
62.1661334588035	7.85903809958093
9.58685838132485	82.3320068802368
17.5365924916866	36.6862538441486
78.2171160812569	3.8059909380069
41.3723455468995	45.3208110971939
42.0227417918028	25.3204531619886
82.587105260504	0.521513121445436
29.4947093490021	37.0617864360389
20.276435287798	76.9413418494823
39.1835477851255	41.1395571851821
18.5871649620063	25.9796370407472
32.4175501393236	33.0066085015454
81.2408517958787	9.80162700163276
22.2423723536741	6.57465411656287
16.9483095020746	71.4275565330999
2.20064520938352	25.6927193262115
38.4065679453344	34.8344201849934
23.8797748572565	32.6455165318425
50.7753242509325	36.5717811680267
85.2188259760006	0.193441147074774
62.2081747568251	8.36573704535409
64.0799593013152	32.22111479017
3.07808080831453	76.0124511439411
65.6177055396222	29.0754778911711
22.0529059050851	48.8488787546981
5.94881284327657	91.7698934635939
38.9389119757986	60.2182102670047
4.24021310370425	57.8156521347424
43.7526652327518	16.7548683549999
9.21938177627482	62.6267919608517
22.6146385178969	14.4577077191592
12.7815142799083	75.0308961025583
26.696703688566	51.3785656315175
60.8260557338717	15.6701286396338
24.8352647874669	36.7515889633221
12.2844387368692	5.29803755008524
39.6294969784233	43.3220208824249
