43.6873319762234	9.35678077366053
17.1113244337548	12.5189186132135
25.8810923089651	38.4901612710628
6.91643772037534	78.8024742988881
10.6395792731268	63.2848847020813
34.8764556156827	12.4842451012154
9.34690805587308	25.6042930882444
2.20589474877617	27.7669684625077
7.56921423951593	0.0194104388446596
59.6227616349341	10.3018260608901
43.0338166854502	22.4282082274688
11.4229076595152	27.3405688942133
56.845191147572	3.37627814308567
70.9317866577449	22.2680766704809
48.7269162892955	31.7998793124221
19.4190085955984	30.6870477416958
3.17201055734046	0.276799220720678
23.8915717806162	64.4060853237315
80.650986256381	0.337753212236684
20.2510680166311	12.448247388214
44.9186153919057	18.7361748976336
29.579085544487	5.97062991278741
64.4316141793652	22.6330932800812
7.12981550354968	42.7570174647295
48.9485902939684	47.0168223357838
39.520198218301	38.9872076637052
29.2466078555428	10.1921823854522
41.0620032069562	50.8871068949286
26.9337136889499	55.9452983345582
4.12594699492955	56.8218053117496
1.10796219720876	97.2013806445531
9.75980656675985	51.7152723631427
39.1574423476855	46.4546580549584
69.7875846036652	17.0524163251056
16.0498648025328	20.2279035561848
73.4424752990913	0.646258844363624
35.2480815887675	23.7785965314967
27.8277516960296	9.92843485899662
7.95689640005906	49.6483868684845
20.9479383290503	19.1755851354336
4.90199602437299	63.5679526550546
11.729664547243	80.4790556339915
33.7448002462018	10.5160843164269
20.4773585873085	1.12396874517387
25.8577281263926	65.0036339019442
47.0967268324908	39.881862020065
38.4977616548993	20.1391977351807
35.6854867356296	30.4843539979702
1.81484273719361	15.2203239571398
29.3923481504397	48.1745509189435
25.2352262964636	37.6777390193556
23.7906587420919	16.3632956875317
45.4959242350869	45.6789763391386
21.9528334317509	47.2537561539811
22.564435248526	62.6256912772663
75.5461000257852	21.6224931746826
51.3880439341944	3.26044624823166
5.48504479484868	21.5033673781452
69.2593710819536	10.8338591693127
38.0670192828714	40.5768734591905
44.3018340246295	48.4365989679641
22.6841327839923	0.82002263554373
74.3098444185731	8.99531096638893
53.0362408855167	38.0045372704065
11.826622584754	67.947708893543
18.4371729001576	56.1066489927967
47.1039246055782	34.6620650657742
7.61195705626717	81.3759599725604
2.95192212935161	74.1278362805619
41.1261726827948	41.1612713435484
18.2720164853484	46.132981612409
44.4822096007328	1.31295346716091
57.7976182837959	0.0624820124648893
51.650091983215	9.17406371290519
61.8004387532363	24.4067537711965
73.3267074326643	0.182008138011213
42.317033439091	29.4925078421331
23.4654992928102	17.1242194329967
18.5556662821004	51.9663231689326
76.8644467819782	7.54947504380228
14.0381164914175	22.0239202594496
22.4777442973469	57.5042138143928
74.2210160355181	1.91334891222108
47.3458107315683	23.8936110976588
48.8098983880178	3.67543422788169
3.1841174248532	35.2600848466438
40.6727301611904	29.0555897304116
2.41521839164906	48.7511776149046
5.28956768349259	12.4436990415881
5.85108748909602	20.2519432735871
55.2714918066149	44.4143541364066
21.083524274213	22.3296756960124
4.87306765507584	0.555681763475613
2.01092898007991	94.6620551844416
3.15642478091476	73.1890125540965
4.36535761894908	78.7780316447737
34.7997735416516	35.5483064127845
16.8314836532024	45.1654263051066
39.412135742331	39.5956431699896
16.9324609064183	62.5329911068701
68.6221192910439	4.39554425161124
57.7548242443031	27.7867308947196
59.6132042164044	38.6383763228722
10.4327700615082	11.1890323046544
17.0955184926724	0.272905361034398
39.8252734634212	2.82904966866088
16.5030136315632	42.1559574278798
67.9813359714958	10.1060655015083
44.9162236158346	36.7960421074163
9.02849617834599	65.2774244850862
6.07194789036733	21.0985210822423
7.39855701448329	12.4545145372183
49.7187304542021	39.4779378732098
24.6742779503922	30.6207448852345
56.4843634872159	28.2231034376766
10.3769709404451	64.4008808137853
29.7550186187751	16.7789457444004
34.0451005073474	36.6563031620608
20.3881738802363	47.1586896791862
9.67580276060654	16.3143575733129
6.59417682634395	20.4867548870327
22.6954634407048	73.2048239899822
12.1217641570241	22.4498096026712
42.7772998077689	11.8611193782935
10.7215501417972	42.997676200698
39.2815598935269	44.8012347541755
42.6693347481402	50.7542988987427
43.07400702642	4.16548671394842
57.8067039874414	39.693690342686
86.1124822339567	3.28475441936625
33.6741036892282	5.33407763826385
74.0016459366314	22.183981129054
26.0285494504629	17.6252143073944
20.5873289241397	7.10267029102085
21.8815982443661	34.606175885818
37.7313857142494	38.6118130938205
27.3260936268261	16.658936774665
85.1909722132566	12.5803789648136
31.7032917550315	53.0070632477324
32.0635692365764	17.3116142476497
62.7113445022662	20.4853536190863
24.819545878479	73.9327280660778
59.5009818484546	25.4487927190255
25.1124086441064	19.6604577450363
24.5853670521571	23.6420395894172
11.2182401638563	35.3898328428109
53.7474369414837	30.1943779132303
47.1216186634831	47.9488701782883
84.284915860875	12.2825929952239
13.4994044497141	7.66563588178979
43.1836523316724	34.4869385168361
27.1122033834049	54.6682933134345
65.8075839587523	8.42152964715917
6.09337408379343	27.3215116594553
25.6274661168584	15.5437296328804
81.7332025997961	0.326726492646489
2.57600597225875	75.1139607164608
44.9217651248545	26.5749761027167
16.7578071433854	16.4440282231402
37.4318499758057	41.6882336799466
30.8205264298341	61.9181746439627
2.48474623192323	31.5778890306027
50.4490244902899	9.17095514441419
72.7557228285613	14.4330106277173
9.74652818857996	60.3793637642541
69.064405918617	7.157726915161
5.4310832663584	38.4352144964203
49.4515657189542	24.0206156503505
45.1346884691784	32.0966251343939
77.6812794514379	21.4288135624625
61.6345438461912	24.224787123606
78.8941125752843	9.0473612346907
21.1113120993186	30.186168584128
26.1799243400711	7.45741776537961
60.7328526492849	37.0533175007688
6.51379302447373	18.352399355896
31.4896756929763	51.3269092660988
52.7984667815261	17.5278279546312
21.0086332266259	49.7746446401694
60.8241796776765	26.7429377076882
21.9417759785158	69.522245120966
25.130034575765	68.5005787613339
47.5030368880849	8.75456598995
26.5164991032875	60.0406981352906
3.05359480113424	8.03330871650638
88.9304452989858	2.75891274342263
54.6589509838535	27.9118085875697
45.1807848853901	49.1159364344161
15.809930030168	33.9899149415968
0.76418360730828	1.14585710742784
43.3199373741261	7.19950511455513
17.0650173523766	38.0132142631399
70.0247910665464	12.2540672366759
0.226438604400697	76.2484357581699
62.8325458908605	13.9084672620094
40.1817444433373	6.12478750111758
52.6906487311659	37.3738575435122
39.8637783433608	53.2509586556121
53.0528931194231	40.3035317735297
11.7509546744409	52.819267591843
88.9867443540072	4.18941909642397
55.7702858726356	7.83477914884443
57.8870175210233	32.9267176487142
10.835487540269	49.0566994757656
33.7634763371961	24.5157478491383
38.3133112165673	29.4114701121168
26.6077052925749	26.6265887891066
18.493183710842	36.5602094384656
15.1987113595003	5.97018441463364
85.322565531974	9.61476932727488
50.9979353989465	43.6791348474469
3.37274316855368	29.7212592930166
0.503112562235032	85.461181302304
15.3672783707116	32.2233653777388
22.9401758978796	29.6745687861343
14.6067366537669	32.3469652944929
28.2018659302042	45.0813998212486
7.19675184562651	5.15464507283394
65.1786106010799	3.63394925540031
3.61038120631612	15.3480304942224
14.9376474390447	23.6414230073064
13.6958264809548	85.1243658853343
34.326083881001	14.8257427452252
43.4066061132618	49.9173721531021
56.8368437498979	34.2437867234665
