21.7880273804944	34.8140692034802
2.85850996284676	8.15647053912118
12.6350547711528	56.7544821448412
7.98306749574052	82.4772799305978
37.9959258427824	41.6829986691861
17.4681227735561	10.6344684542317
23.114670358186	47.7876427805925
1.89151712781355	31.1457137722269
17.3078376880418	23.7095026409763
18.9596923156454	29.7998954680748
5.77537426993967	15.2899854422035
18.8401811843925	56.1933639255321
8.32920135386717	20.7388741992129
11.6993988452942	37.9108817958789
32.3614239843383	56.2268919107629
6.26495341130763	63.7923301960306
24.8985699493897	56.7426712050767
20.2687610500812	78.1831720276657
49.4855596914355	2.62773418921406
39.5020384525424	39.8198008722718
16.1701979190904	7.82468491598251
29.6666518923206	14.9897905602072
27.7914368676913	45.6981532022814
58.5349610813591	9.45402887158749
36.7411545183236	20.537261395034
40.0545344408855	35.6462596150331
40.7550971213519	7.34009980565873
28.7832394376319	49.032703064863
57.999797145836	37.8811291129706
83.672257272374	3.8747139293117
8.24422990355838	17.371633424131
28.4354550430716	60.5668002090262
1.64896445425645	50.1725867624267
56.4501363115619	22.0479429336488
41.4420175093422	41.5603019490653
62.5731997483285	14.2077520555853
29.6929751195446	32.1619386468837
11.0365614346399	67.1374948542274
51.6023526208486	32.7697119828173
27.9107242952617	63.805272785856
46.0423272783134	22.6829010167545
7.21080457196143	80.1882969123257
5.69113535140228	78.6106526752052
50.8249929411453	45.8507254001921
32.1564885471745	43.7920450902507
8.18815399342596	49.0748970997869
42.2023786428396	16.5347624181466
71.8933699987332	24.8681313008387
8.96444758817761	68.8792524714392
22.261862467165	34.4024373378616
5.06396056388689	57.9398030684981
4.69529782640529	70.1677427488229
49.1566752312503	39.890298731574
6.99694748362384	49.504678207219
26.4708032954814	32.4259087594347
31.6487842386816	7.66218663550084
41.2998357980046	20.3302417045134
10.8997487979474	21.1741959774747
56.3487902080402	16.4225556032837
67.3123415407317	10.8894528406157
36.9701126762527	41.2751885788865
47.8402008059622	6.24504946463045
2.45958115088734	92.2661898156005
36.7950976066268	58.683475786207
22.6040938043055	9.77646988340489
0.222260505064512	85.7627514683468
31.3324496761581	57.5901578914328
53.3815912685271	9.89759359969645
12.5223327020753	45.9673945540411
2.75365309918004	70.8761972239596
9.6399459567107	37.1548752939118
59.2679939508755	27.9824792537757
70.867089028874	10.6275423945056
45.3049914656696	31.5233659145997
20.1079811994489	25.1369973296006
12.5281859713272	61.3262557244516
24.2895501778878	10.3813956539991
24.635221308393	63.4751446840703
33.6993513320104	0.33231419526614
85.6865694214062	6.73734378383371
0.00910819508559452	99.0124035622051
64.2570749224429	34.1309966212749
28.5589842724423	16.9545731586193
30.2248954913695	12.3598180768824
58.1925228509086	41.1555254092233
12.9423146662034	5.7908421874935
2.65531530727414	61.879087780546
38.2488878621947	50.2978438280047
96.4270361216865	2.23710332169994
7.96535355409857	39.5186199524992
36.3363689446526	23.5525603981468
14.1112703895714	44.5623418058093
67.2894989919334	13.5982183337203
32.5833973160868	24.849946529069
72.1000579987187	22.7681420849488
14.2992578513451	3.49028245708453
27.4468350352006	35.92319997769
63.0214159204724	7.23510096186544
8.01021857560157	66.7768217468526
44.7840149257258	29.8203861479742
5.66439661461133	13.6301810450992
21.0625245799602	31.7358833885453
2.60344017418262	65.4741649355153
17.714446511918	71.5770895926175
33.4495952508643	28.4752878027387
36.9075851221139	39.3511614014167
51.452502399428	44.3808010054663
49.4752208001331	2.23791138373218
9.75330700620697	25.3482963542213
16.8397279534674	2.01068632398298
34.7060508256341	57.4722006253303
23.119181125946	72.7559616662357
1.70561750498862	82.5633744627998
0.88684228290191	61.9726700996853
18.208753465772	54.3780069585787
45.7100233275956	35.6477097308485
30.2643730446065	33.796776893454
53.3811707763845	23.6702545190557
17.6280058536809	80.6984942316536
49.86887553235	18.824613196228
49.3498902066377	33.6165484663176
54.7373616391501	31.4389089268813
15.9196505397184	74.5992923968468
16.2319802754708	78.6965407331924
42.419857085878	13.8275110692845
68.2086078767705	11.340685100919
6.25181217037691	25.8426033080754
41.8784727537439	35.5105404907421
17.8771263537356	78.7818783795377
7.43827424358496	77.086057829245
20.9542340696576	51.042564423309
17.4998158204834	10.6794694488307
67.4970092566204	30.7936974944517
43.3162889179384	36.0413644630655
46.8510748571023	0.760673918184207
18.0108275348371	69.6378054421571
22.8004523659127	1.52705125581801
47.0562284565793	39.7616803831242
26.5452246770939	4.57896543879945
7.31393546206594	78.8489451533411
64.5885929766058	28.1487426851637
30.7120899347179	36.8238425519428
32.2560763136745	33.3401160469931
36.507740773497	57.5291384279398
43.8436758442985	36.4916594403291
36.0299294516584	32.4528103379779
49.2594662817472	36.6140067282198
67.214885944135	2.11679237061962
8.9653158136482	13.2981609149362
21.2766032299384	61.1600548779406
17.6706072490991	21.5714312258975
38.3471583194785	33.3602956185864
66.205104517846	15.1675462327746
64.0923261475248	10.3880770087187
69.2709749421435	13.7161124095861
3.25393960962721	69.0160862491541
23.7642497400587	0.919146836231997
46.6689183128387	35.7183044011324
31.0945626958714	66.4749989129952
27.4976820347354	17.4139290197817
15.669508797894	14.9363095475995
19.1819801084613	10.4833802257121
22.7533955232955	25.6418524429397
28.842619121467	53.4987735345488
52.5628713204353	0.645666895734922
43.8071301410939	52.3128703014519
37.3958051378819	16.7514604128671
74.9025129130587	2.62885391834604
15.8310853484231	40.9375780452683
0.535721099253614	5.88299897773331
37.6323797915282	7.43508320647994
6.24831901222855	18.8901664311486
40.0337966345408	16.5531261901153
8.21764730299713	70.5564493176325
24.6655104796707	28.4933153206917
42.7514574689565	9.76957139082699
52.2413959504298	4.68340148436064
13.6035628680156	30.6676656150574
55.4521699228567	10.5452226989647
90.1151234238013	2.31096195164647
0.109945796481308	37.9241311633606
6.10253289626098	39.2734078407629
12.5315290468426	43.8925087656325
34.6892590330398	40.2276092396246
48.2838334274869	33.2809799505775
42.0342620657916	29.9792717816212
81.2174884980626	17.7170220844993
55.3709398281625	28.7453490908935
44.7696612890668	6.96471417647075
20.6815084538802	43.7277207354678
4.02159714327268	64.3251385373646
8.45872350430988	77.8669041944048
5.20262830201659	47.4095149652145
21.9859741264889	1.12054334074284
69.951034835517	27.1176056596998
27.439975704737	70.0479287514686
78.447046772785	4.55611269201902
21.5205482773113	3.3505843036578
12.5143937824827	7.96142486294798
6.75937496440456	25.2344977228132
15.419780935822	71.3937076606758
2.26339586184518	94.4696129273947
11.6175451835699	24.4021227231259
10.5243404444886	71.190317613627
14.5999776733108	3.62907126714898
42.7318158758487	44.7165371127038
11.6978247238779	27.7291398158898
54.747526000602	3.03785298161109
59.52358830698	7.25672915915806
30.7794267920681	52.3553913237319
12.5068324676281	68.1948364098532
20.2993731108957	70.1782820141773
58.4605233550354	10.0169023545538
10.6345200495024	11.790709668673
25.4577297370218	44.6267861149399
17.7827306640254	40.4575046340271
13.0244249072971	19.6958195044174
48.5310056938469	34.5832972948362
28.4585017377783	29.0601487872471
73.7623669550579	22.5490249332735
48.881545266547	42.8981249420429
33.0566852507445	5.69283501510175
17.4805197946171	32.7149135212949
2.271410078868	69.734439751941
44.2850029767887	3.28428615037551
