34.0767999338344	11.9765513632337
42.9333178526411	31.3352627359961
24.3233735786394	59.5594610364919
27.415745857831	38.8836846867966
42.1849604892474	16.2279934232254
47.7304841148343	26.7808005804107
31.6252121849103	52.6882598887609
53.5622974175784	21.8075129770709
37.7071585681788	35.4576514267631
1.83126577261429	35.1822443470276
35.3063429870207	29.5546287342695
36.1425112635561	29.4247748467255
44.0497760400408	38.576285884984
85.7151624680102	7.29358801957853
59.807746559292	37.4874757311714
27.0338611337514	47.9556850380989
17.3819169017402	24.007668683309
85.6650017135148	8.28238372145332
6.56303093142949	17.9237805390376
50.2336401260615	46.1652137554089
5.52513944242389	6.56230030886936
14.6064493407525	5.74201382964012
5.49576781014715	93.6325576592388
41.3926541066694	43.2116823472137
59.8431172593697	12.5478849804718
35.2857595473927	17.5817464560185
23.4096285530411	62.7291045909417
48.6485305468778	43.7250680493773
6.61606882075596	12.7290042176512
39.4936282837268	15.6696971113187
6.49116640281452	85.650269820192
61.6098373949574	11.8925817831851
64.3157230523954	16.0511486307025
10.4601769291145	2.94885411995875
63.4396809914334	1.64643791580873
40.8673715967999	15.701047664369
52.2696178184215	24.1055310816064
0.320509821325778	34.7639745728876
56.5879690724369	25.2089449321893
3.71805406348689	17.6693119190956
37.8743275245066	43.5577513852891
55.9719090610612	11.517046769856
15.4098811165476	82.2554762392563
2.26882728853674	26.0501440735767
30.5569228858486	20.0422953907597
1.41865918478866	23.7925806193578
29.7542846434537	10.5421870995975
39.4583903436821	37.5043063133509
11.5720719618593	12.5552489015065
9.80508523518457	39.1067781202061
19.3823071752593	11.3535536040336
36.9209011722919	19.7293319365612
33.7088030454278	43.486001083388
21.7318905618656	29.3503248269438
0.291166547821447	3.65993622860868
16.5396343062351	81.3332925929377
6.1549753444991	8.65489989922144
4.20705168703899	36.5456736816772
4.09936104160704	18.4676027477102
26.8193440171049	72.1801866647695
54.7447087498124	10.8275909492874
23.5014140715363	26.094348414845
5.51327462564841	13.2389165988373
31.3493309688518	2.91717206263783
8.34819721446754	73.2594115535074
43.0714265643952	12.5494028965707
13.6655894637413	19.3053266123428
39.386640041781	3.26428781415535
50.2121813363452	10.3477592628206
38.7288576637995	25.6196297824474
60.1807968505569	28.0220259577138
77.2496842207619	7.5140174047621
14.3248448680736	72.0071572214398
51.5390494147032	1.54001442787238
42.6629843388977	26.0648797387559
22.2680848661196	12.9828205392616
49.0069809132288	14.968736476716
23.0472302171622	32.7236673015746
22.5567546778157	31.2665155768704
41.3914274151397	48.5261955990112
16.146016035297	32.3775472735882
2.93009933220693	32.0185657739726
41.8404113230484	48.6721669084729
5.75394109159426	30.4192299630582
44.6327501650121	18.2901819321747
49.4504025436241	20.2725338378328
48.6937427654368	10.2854370653096
23.134780406549	62.8662374163355
5.08931423774423	32.5220876059132
25.5125744852762	10.9721974520815
71.5045380273389	26.4022865455608
55.8748165405704	14.4984541062724
66.7048045744676	26.077045326157
47.2533621579657	1.35976187948126
32.4526313843451	21.5678774852156
25.195356097629	72.6712083782401
7.22439922728781	4.06963825415337
3.65575323982898	35.0033256853946
32.7171792894216	55.0689830235527
12.0191310122698	80.9168748468705
6.40937337018986	1.76868592471289
84.1144103017237	12.1106625590989
26.2702186248592	22.2914562198759
6.99142087576511	24.2611041405523
4.04581083173203	71.6250053474796
34.6513156009146	51.560447668452
85.8514834129491	2.40480993055031
25.2976883786254	25.0291490112567
78.2550181626598	16.4355550037863
14.383155533291	3.43985059458755
16.9830274381596	54.1061306158575
41.9626350244333	35.1426995988668
12.1683672127167	63.143672031883
26.807918132659	39.347190335089
40.0018317345538	2.90389987775306
46.7424967543886	7.48201962908824
30.9575148536626	61.092173941942
10.1451282436704	51.6963044422196
92.823269401129	4.25071055267505
70.9213713979914	9.83466362107297
7.90830068658493	22.488861029264
5.59326275512262	22.2222247730113
29.6623703230463	39.5566127912871
24.752529535793	46.5042930778602
59.551733946219	17.1628442207178
38.1889281040937	25.2420385951372
48.3297254183934	48.0061215572088
70.320402630754	22.557207579984
68.4258189370976	30.1671681134809
24.7226674690483	44.1929271184806
73.8013863441541	8.73529008065131
31.4298036188957	40.8130578421117
30.0963961659448	69.4129094339036
31.022824594296	38.312937849347
44.6989766064561	53.7585271772735
65.3145696806324	20.6252504236182
14.6963621558139	80.3512241599854
50.5437669579609	39.3960397408325
1.18724093827756	2.19532195580905
23.2896545079023	50.8164438655676
7.27103608998984	82.4163756717073
11.7948075345693	74.5881740816814
77.8582309735279	14.667291759824
58.9390660444922	4.09741704543001
61.4763466461917	4.598721957113
15.1504044957228	11.8944673854366
4.3955402934903	26.5990668565962
24.3370909822812	63.4111823809385
75.8374212197202	11.0204315795658
2.48290733549879	88.9955842350589
54.2614395517211	29.8394923237336
45.6666560590578	52.0035588890331
8.84570093306047	4.13663136034116
71.8891733195117	19.6469132879967
3.42811583700968	59.3414980263177
2.14560004051104	83.9756982326394
15.5098721922887	83.576221477043
7.31815202502448	41.0132761304329
50.8719369074665	46.9716078820506
3.56398322785459	27.9232529122025
22.9495932920601	50.4559150666259
2.11581462161421	86.9087199153885
1.25761199801118	74.3262098516925
8.46635154842695	45.0540422671726
24.4534668160851	40.3613927496417
67.1126754335652	26.4420352999317
22.5213402987092	51.6116446124444
16.8159173414185	7.97495297527637
1.1316219815666	61.8740930510099
0.572648132486571	49.5183304648466
72.4826061970008	21.4332582528858
17.5310986663825	16.5193959216212
1.9883789597025	31.0589586994885
15.0974613684683	16.6183413549412
29.2253515353544	5.81789464029385
22.5181410659655	63.2025904782128
11.1538757156366	24.9946082127255
13.4230078726183	27.5066518818525
20.0817414187276	49.6459673855668
57.510292510274	24.8743436880756
68.7732226069892	12.1784000248548
18.2172044730825	23.8558154198601
24.4536563402292	42.4267533432817
55.5877567062097	5.90299894376798
55.8874421547574	35.4360491668042
39.3559519850444	37.3700576542737
38.36445474921	47.4879979842752
38.0900186198251	41.8573193447
3.09638804900292	33.6429761879346
39.4607769043468	33.0721188490615
14.8053028224061	20.1587957889581
5.2296889504556	89.8099789348477
3.40747563327079	37.2783959085487
21.9134804429084	57.6071925729547
5.55928396319937	66.7000938517508
71.9188951756427	14.1787424749596
25.450171588664	24.571187665952
29.6484790414798	32.7630498133428
7.50186206190934	84.0190551169305
32.0285735335334	41.4712055313733
61.7240810122919	25.2820344293872
16.9875308950374	0.672485633135068
15.5410568302223	27.6719303930513
37.051614810271	39.3097127970819
2.35340083127534	16.5764455760719
75.7501945252298	12.4681701941733
6.67688041305024	9.73947011387882
90.0456698099364	4.65353671678041
0.0592483673520611	91.0736886277207
14.6974340149655	8.93161399705876
88.537356997159	0.168137159276818
93.0433772006274	1.74820446490692
34.6127460871882	36.1055225767687
18.605154016337	29.5741235043733
2.68538966899989	69.380516824024
31.7109453173871	25.9138422673167
85.9750516181695	6.60944283316352
32.3579592780946	48.1933363006419
95.7305022495475	0.134195247727537
68.5585020429262	26.8469487441922
11.8230052347402	25.3094987130302
0.400495063700012	39.2814461790405
8.59852275280213	37.3002253180836
47.4719723907634	49.7231285784967
42.9216454936758	1.36598292801808
