8.43619844337748	68.9593815565851
37.6035717491077	36.7174683309707
8.06312254074175	60.8497723754727
74.6264378887724	7.66398315674811
28.4140946475855	43.36889178649
57.5889222592064	13.6830991197764
72.4190470168456	15.4763838813996
4.23399778280128	12.2978929953174
9.15347468534181	6.94450987826311
89.9142004968199	2.58163828522975
29.1229229556038	56.8778644580757
70.0850252388441	7.48347672982303
29.2403052697146	53.4824436313857
12.9817376905036	11.1521656676904
59.8059068712433	30.6590618708446
15.5773324964462	16.8381003741352
70.9355718786528	17.9136098445922
18.9405698417409	67.1429611589494
0.426524598350061	89.0901804850857
60.7295568849563	23.7399102299194
40.6767948254369	37.3530140320552
61.9847168968919	36.4317568654342
44.2866597065174	46.8040617400799
8.69283490287738	22.2944803639755
33.1018042904799	3.37505843647526
20.7927886027809	30.1517704176492
13.3910046952735	84.2008934282702
53.0559190330356	23.8915572054179
50.4226087827341	40.5926317165571
1.54482978468054	68.6729270353322
55.4615106226231	22.4528928391882
54.8533834772433	34.5038150132186
28.3137092498661	48.921074880716
49.9915168853437	45.6635994583664
0.780786481118196	35.83192850269
0.752752134926967	53.6224628582701
46.369751843796	11.5925360524992
22.0955424113644	77.7838234686217
30.0532850576813	47.0545953358778
1.83806116778313	46.565132004472
79.092741887594	7.19629135317928
43.4942116232096	11.9875322617532
49.9545257771176	9.6566631503667
17.0173406214534	43.935767767921
50.8623125268437	43.8689745701239
73.9314588596725	3.09153883861915
5.77864344500873	53.6981567990492
18.8801464246959	44.5364662187809
22.2141317660986	55.560616243426
1.99816501792435	62.0754774483272
35.1609964087424	39.2326953072253
37.1535444339521	49.3368081046905
31.088693361305	12.3274387383496
11.3691804052187	60.6629377513486
53.8780067832572	13.458776759663
40.3912340944592	25.8123101321106
22.4196318175735	19.6611261552484
57.5058739900151	14.8063351934805
30.205616415574	21.3708462293124
34.6124142103886	51.445878367613
44.0319993738234	48.8517421525213
2.78529105837703	45.1345901215144
47.6087724546011	52.1193065923263
72.244110504279	22.3472092404716
3.45957703118193	34.9679388734363
21.4451113815629	61.9613800020709
16.4452784771311	59.9233020376057
16.6309383775252	5.02626463073597
40.7027432884568	18.1481801523586
20.3967582995057	67.5139104330511
1.34038724998962	6.36993479280264
16.8758350968714	12.3712838685006
66.4326236426982	22.6231482916619
1.24296969792013	20.6367268788799
19.9545986577657	1.40951122222911
7.57606784234572	40.8239110563062
70.9862963161367	25.8738129985862
47.5786425860499	31.327550779715
5.33817564385858	54.2103198609363
35.2434714954549	59.8728266357783
43.6452701891052	45.1995806513352
69.7472620148897	8.66181566783312
11.1796551436091	59.2148958515445
39.4319949855246	21.2127597635671
3.78329493281585	20.0660164095769
83.6819722241172	2.52084494685794
20.2000560798683	12.6260826422954
17.2849726478034	47.0326498369838
19.756721993795	11.2927829899326
1.39191607078161	7.47655188081626
22.0905180657704	20.7882394645308
44.7634639892557	51.6235122697537
33.23138697689	26.2031050055302
57.9258805876253	30.4003981549295
44.563322907576	48.2301607486932
64.0197492968383	5.7013746843214
15.1587725221919	73.8779978239341
24.4313081374538	37.4612127605179
19.830429237257	10.2951938334364
57.9704472599414	30.9899054611986
56.2779061292661	39.6719325518571
3.79784908322517	53.1617553220884
0.255688792213653	65.3398729699384
36.4647397475619	59.3533891529559
34.1234237580204	17.1054306519709
66.245703290331	30.9267223490992
21.2939960049903	47.6306867541888
10.1400547708106	50.1148562180413
78.1059303684653	8.47105309761644
7.58571243266841	2.72335740864433
52.2915297431366	32.7550245601474
33.6633636772928	21.4982526476952
32.748617759323	42.8413882119774
10.0395050412228	51.9164728242515
13.2963381769584	16.4369870985099
41.6701684434294	56.292472060906
18.3779365468668	18.6615986370768
60.9853297290324	22.2625868498639
62.9020418333365	10.4269587483383
14.3657052490701	60.977899777227
51.7676767202875	31.400066349376
64.8139009088343	33.4906787301836
37.591181712966	61.2275795364881
75.753604795669	14.253966749764
36.1633621324614	31.6841655092706
26.5110859305184	18.5104493137963
71.769694831115	11.4007768274289
58.5962108143588	22.3216590109848
2.07128184943985	65.5854211494259
13.6419883527057	26.8715791995039
81.0704169241108	14.9846919416379
10.8435406865755	33.5982510045163
3.86899635375896	62.8435629246959
4.88898041885764	46.3034515950379
4.43707602305202	44.9151572980523
2.46020583550455	77.6925092459156
18.0421771565649	62.8810190888499
7.85369687148076	11.5263939888805
60.4829736801251	25.0383318518467
48.058062395108	40.8275812123099
24.8083721496204	68.4730308449236
37.4651229183493	3.37790767819523
18.4396426279282	17.9257836741981
26.4661124565015	3.5666498372176
76.9127003275383	22.679537638407
41.7524505601043	17.1002516602633
15.2933198098528	43.7096540554006
27.6700953616156	60.7874555330665
10.1195118437146	50.7036403988971
13.9641974652019	47.5713000388682
79.718451751265	4.47578919328553
23.7049376236764	2.00322298426331
30.923825283965	2.12883451121339
29.0159524087868	67.2148485049674
22.8396013019791	57.0995539227033
25.1958366135116	29.7311189257219
2.63246386434532	90.8390240235436
6.96696993287977	50.5140768599296
0.275835069024859	43.2632879089859
57.7846984182413	13.1644852986394
17.1230757223084	52.6390922500934
31.7715031242797	42.9046633387472
0.287896487995934	3.8859534561103
2.22643157570922	69.3523773780802
0.870014168727218	94.9177212058183
37.9048112956364	49.0169885330913
33.9071537991553	50.5424746547558
94.0272559849672	3.08101647676947
3.33856176740423	46.5423685249604
1.32140778066656	80.6417525655784
55.9946293737714	5.3701752821776
65.9811421604739	30.2629640466827
25.9346814481237	18.3770380999786
61.2849011836969	0.501799909631629
0.282580591869811	41.5627977073019
7.26775126870151	30.0188108021481
34.9162091663648	35.7325764539338
13.0198787027131	80.6375262237329
43.5267753170462	23.861302306811
37.0998743162955	40.971160233473
45.5109907060447	52.8818141915285
20.6076870768367	41.1974306875828
20.589239765233	2.24029580235495
46.6074799870176	19.5920423695781
46.001876306721	45.9468391006565
57.4898066266858	16.1620999761681
11.7738618570258	8.71808343041599
55.1983920183025	7.8951124604303
5.35715939726548	80.647374959964
45.706730450367	49.5870891723722
27.8831423855774	66.2965910352285
15.1248893770971	46.5212571651308
34.6356499170119	28.6299856512947
35.8402712903173	19.105208627463
74.054950417045	11.7284621632325
61.4390190045531	13.9802064811719
36.130069725276	10.968549461555
76.0821541659917	18.997156302909
23.4618922339109	35.9135291706368
10.0497826049336	66.0127631696
9.89234075410866	31.5875853093283
10.6809858748135	20.9747371827135
17.8820728407624	9.834480988716
1.7189363491344	54.9303646455195
3.61181311477526	57.8860625428548
56.3375264202885	3.39865242289316
3.37744574219801	38.1414212464082
1.67867955829887	66.4686996333621
4.08786572706321	4.54248441594769
0.287563586741483	55.1074169832782
1.11508346214662	62.2097834768751
30.1636340702715	49.5771369196368
30.1040228596442	67.1540891598696
62.4009500548248	14.8178077837535
21.8068170462767	26.9612521524361
47.8812535982026	40.2824296337936
6.45703524651799	60.627904562572
20.9199071493558	9.51138786483155
52.7674545314011	39.1466025911023
13.7005615111909	82.0121231870782
47.4956203473246	36.2233565823284
4.0677495785373	9.49871270428352
49.0437234048935	22.0562920542696
61.6786386173585	13.5175259381149
7.22616338507559	60.832653828353
