14.320184483342	14.343067125577
61.8381937322385	33.4822028565603
1.2153473688361	55.4828205404257
51.208922942732	6.7524770306202
15.6342440823253	51.2922845088375
4.2968193089109	27.3798118938598
30.6507496305978	0.984991668250874
26.6204088584615	19.4680255928394
8.37829392793509	23.3730862491639
63.0512798964285	1.65299330914998
46.6754387815834	42.5109776400546
40.7568928975411	5.55329588500471
3.89008168312259	78.4227373909311
48.2759802827034	17.0722008762286
20.077129555902	72.4502917250853
43.9260986838146	14.6512829301186
4.6168457272541	38.0882316446343
49.1816366786052	24.7530909836074
40.5732512197333	7.70599721358437
60.2280987707098	21.0671129734568
70.6483447321916	23.0280683483128
2.51263217186212	41.194538837855
5.86137888294709	13.3096806301315
20.4307759275803	2.02487325390096
78.9441572404207	10.1877486380691
63.3648934137844	12.2757569478246
23.2730893992228	30.9659030432654
24.9583358061306	61.7016643107411
63.3680015166141	24.451843939932
17.9864903064382	16.3513051887747
19.9320563207995	34.963893115038
51.1648005112842	41.4425951156032
19.6678329350743	44.9877030425648
55.1945623267417	19.0335599328548
15.2057340905097	2.26826327958529
39.9011612124281	59.512058580067
2.18977481228755	83.6857620085058
47.1969419378773	26.336499967769
50.8600727426168	37.5015621248174
62.5774786167673	0.172917312091644
6.18857723017623	63.4590670296266
62.6063470088906	18.3771903712196
57.081194621083	4.23952946636804
15.7601689527557	77.0059517012005
46.3633291173556	31.7346651254849
64.8877338808438	31.5578915325729
1.54143390317514	88.0982114412348
65.5278720732442	5.44969933361267
8.89063897025335	86.0965723107087
36.8080011274703	8.37157159502225
2.33187871162401	77.9155975104848
25.767817779336	41.2859845633088
27.8862944933988	35.66163174606
43.7518896273113	25.183823111087
3.31734949877362	9.90668000183379
10.5079693768676	55.5532050577706
24.6223398133285	61.8197327767591
10.1661646320327	84.6627613458143
34.6450452388474	0.738877896563559
8.41401806493011	90.0645085564184
0.482260808573226	7.45695899587914
5.79007375323683	34.0147336172009
44.3463218139235	40.3440489621572
2.13234983483905	11.3143515360143
45.436314980237	4.35212799550599
1.07332058300884	47.0709061934943
13.8846479886606	47.9388739671274
27.2476136811299	53.687381070893
57.0685103801398	9.04550929975021
9.42441919326057	3.05101038098848
39.8019662312241	47.739110210789
34.5111055460345	4.06189006942412
18.3414325203474	48.3370210269173
25.1771793352334	72.3470471204943
31.1167608160138	49.2972700154862
1.88993234275371	79.7723532094491
5.7934953392453	2.33111730885278
80.717841992489	14.8427848307615
70.0411532866029	21.9059601528132
13.4277684210929	23.1857236117058
16.6223493947752	6.73238900803606
31.448137588542	39.4740046185786
11.0254576946727	5.51968752663568
29.0337516130105	6.67929724169862
15.9824786782183	52.3245180735013
39.5117283051422	35.6569776011896
30.0031593674809	18.5624558565032
42.543525687672	32.7143983136464
76.9443745151834	15.4464648642794
25.962747645547	47.2514347393305
2.38276375568601	40.8025341764104
11.7668584509598	84.8439235169645
43.7576312775526	49.813893833111
5.9234814745949	61.1032503475916
6.02094447520606	72.1416209228996
18.5438724786713	35.2910964448429
20.5977978746397	61.8649248321843
75.8257139827245	0.348373409522871
27.4762722791528	57.7972199105645
79.0352269909509	16.0016727242627
13.5112569730316	63.7740229553422
3.13692377094967	88.2312174366001
8.2104787734386	42.4164856515902
61.8314185933356	12.3088262101211
38.2635250400116	16.431050662152
30.4649427675013	15.894260683979
41.2304902641245	30.2411428327864
22.2586616977391	76.4757620061169
21.2695286708276	36.3634875679219
52.892771574153	41.2575096549734
30.0940988725489	60.3266432696612
73.4596778515073	8.28897166451857
23.6013997921727	59.3946633205724
69.8834306420216	11.5820115951737
22.5435326912177	72.8957809381633
65.972555738861	18.4366767846219
66.892429518929	25.9613643055602
21.1469569807625	62.581629055823
21.9509650124009	6.95011159728752
44.3698199672484	32.8871269863505
47.4448434298136	17.5157176877911
3.01608415460963	55.9571539778063
20.4638354575559	7.58456401880112
70.6521038295012	28.1466797590939
31.6052600422899	50.0127404695436
7.89249679441214	26.9314072685928
20.1105526742109	67.5124698167259
71.4649279468995	8.49238313198666
3.86327561170947	66.5095662542198
15.024843353324	36.9963036556711
0.245750229920144	93.7142432638045
49.7582915470741	41.6396856967545
15.4205926300122	10.9352755411227
68.3805777544065	14.3664009935997
36.2980077677863	39.427741868155
12.4669070413648	45.2043702105081
1.2818669440606	97.4321029602699
9.62322089337894	36.016945324846
9.43891904756376	24.4119633568507
46.8500219969312	29.4837532702292
7.33881378888097	76.9378605656968
78.3883882120197	9.9868569569601
71.4108976868032	27.8537869117473
30.2115584864335	1.28680816911478
23.309836035273	50.4413280870958
32.2007666491907	15.5794710924753
12.4220696335761	66.6178188596935
7.02758720471877	59.3601472020895
61.0393536561352	2.48005008440467
62.8399551207386	12.6659996400895
76.3991876861077	9.56594618482792
84.3001579792705	3.0842708438096
6.29495941395637	13.9557957714218
34.1253399076524	43.1100088838069
53.6280245304238	27.947060124924
1.26454965270336	91.4438725874964
48.4163914101275	4.79307882710969
40.2474545129796	44.5609929713239
3.86511008435167	25.6916376881728
22.5352623139207	50.6156345133743
16.0751635283582	35.3925207794609
5.73212267166568	33.0922935312112
24.6939597766353	42.4358106881547
54.0746053932582	7.16188201082958
11.4014499873861	84.9553150986113
61.1495547747005	23.1129869460654
16.2290801369721	40.0859531201822
20.6149834304186	35.4435481296124
73.7083412584422	7.53772855155996
10.5432308328074	8.43370221947958
55.2803916648405	39.8841346799788
5.41179781100331	27.1704557943952
12.3152311017342	11.2674178142415
75.3687090591382	13.0238706306666
31.9445765260349	17.2666580031005
65.1192886126783	7.15516098176835
19.8670331946886	41.3543075515676
14.2901877007867	2.8743021203551
53.2477349290847	37.1755671860536
8.02853457072216	8.53743497679822
37.5461631629365	53.3385583913599
8.63718665607143	65.8479879916869
30.1205795864205	42.8071875790168
9.58660603947314	48.1256841440339
57.6440088719335	2.06327433793958
54.8245316626618	13.8400027592853
87.2897996042342	5.98952244314808
11.4991392528169	66.83127408234
72.6003038569355	22.4164115369396
93.287696080882	4.46865093171068
8.25386494782468	35.4241322425306
33.5493511210891	51.1844605911451
20.7643492244018	23.7061604036513
4.73960256424714	8.99870847770884
19.2419272937076	28.5406230150445
40.6513950976782	55.1966294903292
87.5725199876225	6.83522229401172
35.5913464145695	56.0143344365127
20.7131122335387	57.7836919845006
17.6039266482014	2.23501948743827
42.0417746259094	50.5323641237488
16.1822049488231	5.00872810604457
23.9553157817364	47.3798333887848
21.4261884900863	77.9522823998482
58.6322810308227	38.4653265767104
50.3398466624039	29.2948230306128
47.7232394962214	38.41637561024
40.3562320118566	46.8589286538115
29.6853283558438	8.58602933985462
55.6074014192481	24.294507328558
56.5707216768389	24.9760725186095
53.7415666290287	30.561656938196
46.3764470752219	20.5703821129028
45.458502110773	25.1020162483221
7.81633397928268	11.2001963943244
25.2114877222159	35.6075328474899
6.20226916214557	38.8623966085084
30.1527687954496	15.9537165034347
65.6658489562878	29.1977416859929
57.607544612888	3.46811693323223
54.8444627108259	25.0457444810522
36.187344806356	27.2291314914958
44.812138958281	37.9403400877213
24.6577885582381	68.0440473687109
6.73534628317475	79.2396030757761
