3.24255949968591	28.5114128741023
14.3791566669844	28.3625169789244
39.703601943191	28.6026318225091
0.0372162554586382	22.9133201404071
66.4620780229858	24.3007030916869
23.9695530496396	38.4484025828766
23.7179232406048	31.0888413484622
74.0164127079846	2.99428566498416
74.6225147855573	10.6357222938145
36.7672805379924	37.0559639469981
6.16437094573135	13.5015489596415
4.64459373831963	65.6101090673404
32.4855738005068	36.7093162782068
53.2679386219326	0.770746637494651
83.2962748051138	0.492443144550753
34.2237456861063	11.9444400127718
59.1665439583205	24.563174473384
51.784165879611	45.7172192380378
26.6379192129885	58.2739703162918
69.3606945077706	9.82835786874795
46.7470702001579	9.85959372942317
61.3250411401154	24.4668483382402
48.6918954871092	46.4841960680132
39.0003169602716	7.69479968943391
7.02462378285109	5.6719278011806
5.62761295848881	39.3254776202727
26.8288535190881	7.53643731937578
10.861023008293	36.9243391030116
9.45988945172163	68.2541440093211
78.2894674121819	9.15017589421485
34.566055254343	29.5952673207946
39.1674020044354	9.75689734786604
32.4049007764109	16.5940016119713
37.771526788255	15.7876319791133
56.5609177372236	19.5546271370513
77.9891708297605	16.8093514241322
4.20074491025915	7.4215925798852
76.1864063219104	14.9544177180875
13.6058253299472	42.6152001333494
33.1126528946276	18.537503675808
57.7070664883159	39.5417195928943
60.4605745805709	9.40504963947695
18.3782410893488	68.3111151998449
1.55395083201767	11.0412215399748
10.5111135684471	88.2426367552218
9.214086602076	64.3221936953823
45.945261300516	27.1444626744578
46.5645271104595	18.1194953704809
62.5271022610958	24.2129842863479
1.17638604770246	9.67805562991559
50.304825627387	30.4151833664697
5.86764174786752	71.9895186703603
21.3881757675615	62.4672585457877
30.3276329908183	5.29993460760449
9.37832133349884	33.3161119061132
62.8405225290174	0.258745718867865
5.78401293874905	42.2915415103974
5.55226262917382	82.3199277195707
51.876685140597	33.2075532680413
11.1752903606628	78.7989032356063
21.2768209265903	74.5750084400992
2.82480851878636	33.6838134721312
27.5379218755001	40.2739581373865
27.1559711672161	5.23166023438408
84.3153455687293	0.917640328834597
3.89404269116653	8.0132841169896
9.61487093456782	23.5477140282969
19.028862621183	7.65844025074432
10.2327276534553	25.3027326545225
10.5905734051906	29.0442254995202
42.825200009544	31.2006802443418
39.466732991611	39.6860204356192
7.08829714315398	65.2783044917874
25.8715382431967	72.4793816788492
7.98296560905081	85.9309154031477
76.6928748584785	3.16200624367316
21.753553776887	22.7005038981794
76.1299649142334	9.50228390726367
68.5465511253786	17.3593290231001
46.4094382461204	44.3365664427805
32.1892789249258	27.9218215625369
17.3197670454717	24.659658002043
29.7751759783249	6.40119142197128
57.436936794518	14.3101840812295
16.5927803686786	8.59460076717408
14.3050862077182	50.2442968311926
32.0244366452212	52.842376219501
29.7187956188427	3.99951241165377
34.6154551182946	4.39422475378691
65.5398279733676	27.6243242563793
67.9882034510319	26.5972590663458
18.3416785757717	19.1281654495411
52.0653471127457	39.596294676697
5.84328724343483	6.60189399803146
0.766548654421488	37.8148374789464
13.6167353548187	31.542605176355
41.4039292099904	18.8390853436846
47.2741987776357	25.380951224538
48.7703561078619	5.0950440136227
25.0618910999326	40.2528161370441
