12.2340842207121	34.2620537775858
34.8985967388836	42.2264245069709
66.5157780826631	12.4283321259675
76.1858426389219	2.52373973025183
12.6336143876582	22.9703750102643
54.4871344950456	42.4064016167104
6.26482358494067	53.2210208257758
49.5020068946769	22.5911723089363
31.0857778094177	52.667543735666
40.2484707721735	19.515958903132
58.5743416373498	35.4791866780627
3.89287355537194	40.798649303987
76.5703519231502	12.9290316314106
34.8171434061682	37.8251805612003
23.7362073844933	44.1991964095268
2.39557875431868	33.389738450474
48.1080825198945	23.1075161709951
5.98184489923615	90.7563808796724
8.25549369131005	0.689069833927355
0.708824862124782	51.8407735749338
30.5009239495271	69.3006057614929
40.3446320166554	23.5182989032559
76.6506689026256	15.351177246939
46.8284148475288	22.9884530524669
59.3216157794565	5.30281048515011
20.1955935546176	48.5376697259665
43.9694544039524	7.97826163842262
34.770361815938	52.0520999804382
48.0742316916931	32.6457461494234
0.0997757073956429	45.326231860242
49.5576784711134	20.3292794154628
49.5240066431109	33.5114733006393
1.92114305771941	67.3822952282533
25.3311513575405	32.3663703782327
67.9070529844179	25.9467881759381
17.3919425892606	44.0049227532022
25.507904507922	24.0312350560125
56.4941149002379	28.7030638794895
5.20303477775447	74.8693616943757
58.4542549953117	20.1784228534337
44.186607396317	3.89525327081571
8.9167339303143	0.464853458322982
51.0350104193366	44.1149284337251
27.320838126969	27.9925970956649
16.1195307113787	38.3574717391084
10.8881803280153	63.8160939159878
82.9832629687075	1.69097636905079
11.7982398773535	64.0117997136022
69.982659430235	25.6203747008091
35.0881888228879	32.4582161067325
19.1229460849999	60.7015617474455
4.05889214205504	60.5155411458181
17.4815904896155	38.494409918084
32.3166885563716	13.4073791622219
53.6282308649403	1.70046342615991
3.2692829162205	25.2493819805092
51.4094677061818	7.61416200902972
5.37163950753009	43.4504574832742
45.5910877536941	21.6513075500966
14.976625617117	2.63208099763472
57.2462582295976	39.9464662838478
19.3072588272892	6.31326767909958
9.56880781313814	57.3035862097999
8.64761569939908	9.86742848058577
33.1227704105539	47.7516053001171
2.87066842563016	2.08896724604488
10.2727563633922	18.8575169159367
3.11076129000204	2.834902285987
85.8732919142923	10.7527660721693
78.982929316807	0.912408298306357
56.7128112803739	21.0016795997516
66.383489717908	5.10919713653121
69.5093105870808	21.4400582581014
63.6037325782719	29.0080807306841
29.6737099204556	41.2234037375187
14.5969611194902	24.4049339203187
3.20250638909755	6.73390552715115
23.9941365662935	22.3700043383846
68.7686759833101	8.75481302326304
27.5693475862822	51.3328878448032
31.9421665891736	18.4267213653897
61.8546877810055	5.16355922686102
49.3482063288559	8.73368797299158
40.7049092188035	48.0093009062155
22.3924325417692	65.6765976760893
48.7138676218287	14.2279117900077
37.3086757200345	35.3969685898148
21.8640706603714	28.9233969193527
56.0571416076539	25.1025380683609
52.6713822747913	45.442602664904
27.5321127975043	29.1095818994146
21.7553181675055	3.5304653009076
67.1533929496786	24.5101506935946
91.8751974086627	5.86327314649861
29.4688171844319	3.01876966982091
57.9187072617555	40.922366381121
4.0161256697104	36.7521497126446
24.0484986566233	2.20890008015973
70.93631372365	4.77117127961068
37.0481995106899	54.6447409571357
