42.7797850420604	7.12655047286607	38.9041081252061
16.0237071178964	68.6798994749225	8.48339423932293
63.8377621601512	2.36387476435112	24.9073409125709
20.0677330233472	69.2790136529501	8.03918280081785
32.0398309417254	26.756077924164	38.4466509979436
52.4585621210088	9.18573509398184	14.8716956446281
4.98403990873324	32.4665096739617	12.2315678336805
22.5724557985423	34.2868467021207	19.2500416279072
16.6182302947241	25.0040178303626	58.1760072885901
26.2079621321559	13.4933034486572	16.9992083297107
48.0715143718158	11.1496255319331	8.8295831851799
10.8980095530385	1.56942890098758	32.1235651299933
28.2982480844009	7.20474617891235	58.1134114685065
21.9667950281719	39.231510338947	18.5854035981863
0.628686370620824	1.30861313143215	35.6798756568133
23.5159706433844	26.8200581552554	48.0800539479032
0.185222458180609	54.7465821983044	21.5108329996051
33.7567354243979	29.5100893031387	11.6483876070233
25.6744088724602	23.3665315543146	5.14694294200602
57.4997145484666	12.9846441619958	20.478457175418
29.3925691532868	34.6021876831549	12.1090686470778
10.0008097058166	25.8748128665028	44.6910267903893
25.3163848190179	3.91150377872936	4.44183233400892
0.362833822315016	19.0867677885512	68.9086952101945
46.964171690384	5.79421087437971	31.0576904244058
33.5659090585848	32.9233733624794	5.71439611060284
89.1857494549759	2.89776609414153	0.158429425283535
32.6579013060117	48.4046474790222	17.069837505496
12.5158659706432	50.1558237011339	27.460245242091
19.1880235537831	30.4623904779844	35.2589629754699
18.9084484795613	3.98908811807124	61.9013951448265
2.76397708932123	17.6716316107994	64.3320437820312
28.7576612684679	19.8682696185393	8.87687085609737
33.3557087152059	39.8510606213711	10.7627530166706
12.1247269735321	9.75188888132194	32.4841920903345
78.6403537162768	2.83494047021258	3.36432242922686
15.5558471174705	6.97361659583338	7.27661466564826
60.4549829198304	24.9461256549443	1.55087593083776
54.0601336648968	3.66339371710242	4.32172133788547
16.817149015524	22.626228687645	53.0906742220235
37.4892218213013	11.7383893168244	14.1667680880831
18.2346384591584	10.6065766003945	24.6996572821865
31.2823326472576	0.594352046304546	2.08562589347625
24.9047722317766	19.4409479477633	26.455925044816
54.9942760053064	16.5654941073458	19.4804710892404
2.17446377602148	8.84109153823978	74.5952959519789
40.0033438298867	34.1428430444295	13.1662687813706
18.2713652114716	50.7226051533234	2.56567709267404
15.1140317391204	9.4695834021408	60.4880401680656
4.29750508828904	48.3585914822103	16.653726164556
16.1367953830104	11.9848884697933	46.9244499443678
15.0511317025177	50.2849647543789	31.1278865817598
26.754967228861	10.2365196264519	46.2598052091244
6.9341766214623	23.40497994954	61.8774710045557
18.8649048185278	24.6597502961102	19.5122119595819
81.6176041409455	6.31680353838802	7.62263737042557
2.06598043537977	3.85693758905723	9.59190838485579
0.843325117995648	31.0781077160864	11.0303329820886
52.1420649029976	25.658108957884	10.9071812177576
40.414757859155	6.209337108866	14.675118315348
23.1173316124442	6.87653306260544	12.6876386872901
19.5482883227748	21.5538664355659	25.4771919108355
46.3172908622386	37.0837082327733	6.9661872493877
27.2378804754642	15.8638930487744	6.95804306629954
14.0354984505267	60.0205718353486	0.724840863014032
77.2209842117601	6.70858742981618	3.36310914874222
16.4017186576509	0.112666608818186	16.3554433343725
24.450061993883	0.877666660061882	38.4121038664189
34.356899016703	14.3159614011254	31.1781905271011
30.9508824399444	61.190345027107	1.13764228352236
31.362938197033	60.8192655541093	6.59592082099799
8.47998345665633	6.016954130501	26.4741947066384
47.7251986729564	36.0613288525778	9.23150261362619
3.79666681578228	28.1524151694739	67.6446911728218
9.00549819180998	9.4982123977962	77.5560684397612
5.28934751883584	6.31387355100078	51.6169048620467
58.8063301326736	4.36880658584126	23.2995315563397
19.3211339504091	14.3968219470218	2.79632364529945
37.8720643640831	1.99245722125864	33.1262143017381
5.67256487238806	36.4761144558322	55.0407357304547
17.2824920235586	14.6288925384306	42.7506249131405
6.1346067144231	5.53503586237088	75.4203039107008
5.31849316568975	31.2178706895643	18.4926485263243
21.3224318909098	9.33172936054493	21.5563174903189
19.3065427333613	7.43172639395656	43.1022449597261
23.2709234688761	8.72414922747954	1.90352299339302
15.4787495338725	9.09143779850166	39.1028980906601
56.3889047859185	10.6748376091359	0.0627469271713621
15.2801251575724	16.3806050160809	39.0230256314497
5.11019327915748	22.1193927443211	47.9662297051243
11.4634648018812	39.0510397213749	26.5500337940408
18.710868162434	21.7867285114651	38.0667582331536
18.7016366602395	52.2809688710985	17.0027202074429
9.79611915992392	8.11610045289439	61.6048968683951
22.0203054240068	14.0909759393385	54.6585910742444
14.5513644509722	15.0600376609061	51.4655447339013
64.3323309087811	2.88408938929629	1.05099510450428
34.9671034770865	17.6913288504311	37.4929533514627
73.6933309462356	10.9738186052878	10.4476475671156
24.5408312531844	27.9065983034235	16.0729896817696
51.7546551077416	33.8912302785978	10.1722067269367
41.1111409967351	40.3573611473466	1.54543421303175
14.4651300806855	1.19028361569638	75.8952331616987
8.22686483535304	43.0822171005803	21.8668465138724
18.6652550095065	57.6766295627116	23.1745085321248
9.57554830684119	1.64491948748237	47.3025150817365
6.32041064385344	37.6949439932103	7.26346993225788
57.4241972330139	40.0601009093505	0.452990457626521
12.9918479421138	86.5784210556086	0.0185757875529005
15.9110385998669	13.5790995851062	19.2464627880819
36.0651099756663	35.8769076112085	1.53092485923829
57.1328267255485	0.54934048119436	10.5750880719047
18.450760710263	16.9220318630906	62.7349617251823
2.52392604133297	7.15211709363019	39.6918965688403
10.9430822129096	77.0037749209459	4.67400239066873
41.1403696244305	27.4949239229294	0.838784035685837
38.0526295108966	13.6595728870759	13.2789485218371
25.2637432074471	10.1069501648224	34.5256202549327
8.7881143711452	0.596502935791622	70.9037742907665
7.40169887775634	13.4275036460848	69.5142276908803
3.02301910846635	36.421848431426	4.25407458294838
46.9004259197509	15.3812760558823	4.49938397132763
31.2437084648962	10.114047820733	32.5834613910799
9.96000012846664	18.2369431565688	18.4287310198083
26.7667313231	28.1400882770028	9.64180478343824
