27.0754424515532	36.2248893995885	6.05349019451695
10.2429172537489	31.1033469303992	51.9915866907647
11.6840881815572	1.81339141065878	59.4898760595777
8.28672196170628	2.16074786249583	55.4878832565099
18.990320348642	2.06244182868974	43.1704839892548
0.739676365973277	49.6792921096456	0.0502444338287434
5.59340585283628	15.7488280514948	76.4880518319495
7.80236451318598	42.4472626961988	23.9313879627415
27.1558007351848	6.74216016509671	32.0137029662792
41.983513507053	52.5788028969331	1.07304225725729
71.2527199048794	17.228676153919	4.5802119209339
41.5782580345768	3.28043387424221	1.42797539077139
8.77833976819103	2.64129191760034	22.0363125773316
6.32210136685618	13.6337038658716	51.7620139530683
9.50561631913559	26.9031797195334	41.8825080813293
29.8133874916534	2.27749906586367	27.1011465355294
22.5166511361099	36.5879193118717	28.3859834672818
33.5708409704132	24.9517651856652	2.84954472577644
19.1603955901975	30.2665215126549	14.9130568443393
45.0192682189025	9.03590238142568	18.1358548431359
1.49618047359222	17.6057311788228	11.6194234749393
34.8557571577168	25.9746263390289	9.9556219344752
41.3501402555733	17.2185627823782	25.4539472635155
8.73246631060376	32.7936693247378	41.6731291644616
39.2874006364902	26.302100264608	14.4447206586808
2.48069074120405	63.0152589469288	8.90565514979216
35.5614365709766	14.6927071803681	28.8051699422324
17.2327972097475	16.1454738658599	46.5746371758052
55.2538514860225	16.389847554448	12.644283619078
69.605373204502	1.22408489753682	28.2706680839279
21.6816280138128	22.2095808583356	31.367991832722
29.2280661543962	16.8201073151175	14.8132427198874
14.9803263205012	14.3101994946181	69.3101572661242
66.5350331769022	6.70130169331157	7.89938136371755
32.6691119618104	7.24526183085761	20.757321650515
11.8808970841956	43.7720322253984	26.2026581569587
0.639547687321691	5.36861652758374	78.5130900696447
7.10191433648668	37.9597339490241	35.6658430004799
24.5751906300779	21.8539132838389	37.4703351582728
59.5909196229609	14.327109425481	17.8091147997459
30.022069080743	1.88575489534333	45.5200675155595
2.38470053411308	73.2914269311779	8.62459219462452
45.0519242533724	8.43952396346234	26.9653793549935
71.7546497340103	14.8441994631869	0.131952390136175
50.7372976051352	37.8567826179121	4.64334287896908
0.852841278935243	21.2239422002919	31.6466479243928
1.14520969853979	70.0311147933971	10.1705232216839
33.1625636355777	15.1221829071279	39.2230626378316
31.4306361747117	31.6114585062542	3.07883252533098
53.1466198866938	35.2497508447849	3.57383359390024
2.76668258140175	44.1780925002778	20.9923838828655
6.71523004151659	52.6606903191007	13.7305649992687
30.2611007030407	9.38926628296695	55.8730093556796
27.9045611284229	12.673499813617	27.2136844821338
23.6440892907065	26.808980352622	39.4488434956637
0.0189320184378568	78.6926198185853	18.0117000443915
2.63801883097646	1.85960643080045	29.9581866385221
65.7092416499319	10.2894459899	2.8118612257819
27.3385870863398	33.5231323416918	30.5690148522002
23.4635911525523	40.1849250496295	14.759630530495
0.659253541687156	5.94622167104214	67.6536763401952
23.8746232464326	29.0921735712756	45.5786049112578
2.73252814204084	24.0992905684278	63.2041975684484
4.44947877174685	39.3851211943594	19.219891875619
42.1519267103411	3.47037748595252	16.9475053981633
10.4040643248726	4.97565698110296	41.8611640771204
15.4873204955306	54.9436686350702	10.7179497418543
49.8181537491354	6.23531388409218	4.67263581448823
7.77629469883456	27.0384581419818	16.4639677463397
72.1656499766585	3.97320385276023	19.8244057222383
13.9365412359762	50.5173492480616	30.643326058352
31.8462866972416	47.5146414467667	10.6872366325405
30.8927010888665	6.02036589105631	6.4629472822244
12.9563147728128	29.0531426337795	57.1973767863574
2.07569636501171	82.0806723470244	10.1103870245211
36.1124280542659	39.8977658897162	15.2016420453794
4.30279909833465	13.6807698820162	40.9969980088049
30.6183878940616	8.84771561662095	24.1698209308879
5.0526748900547	23.4793297590126	42.0616625072722
32.7245047002679	18.1102954866878	42.6547910751099
1.58529365509064	12.3655860369865	81.3355945895126
16.6946778151648	14.1151811993286	62.1968790712752
43.0437388564664	31.1392110451773	5.74470944970134
61.3191964855973	31.135852463141	1.20119820404854
19.53004022107	44.1486770492739	8.77891164681824
53.0710150734852	23.0502564101714	10.2067123214745
12.3853915894336	24.0009740572427	39.0442596464624
48.2105923109737	6.36632941028398	37.7645739995709
23.2161783255712	0.915857637727567	58.216363684375
55.4491448940007	12.3539795225272	2.11698389710718
7.87830660486515	22.8336833058082	50.8910039211116
36.3962763624248	2.0993651366324	28.9324942645303
38.228016224796	16.3885968347958	29.5264171108261
29.2838694198448	0.765637029318901	40.9884291891886
46.6961241544672	15.5972996333601	15.1112390752468
8.97746291429618	54.8506997315449	29.5686948716495
31.8942280169084	8.82713008151722	44.5812444875861
83.7052534258483	8.18890515164887	4.78863087705738
11.2249809369561	37.6743424859244	22.4570608336744
54.5847946100797	22.4230261623967	18.1695073927611
6.6344205320973	2.72081280253865	87.6008863503117
20.8663210369955	39.1451832089318	31.9743874166042
27.366453608203	2.97344229322553	43.2228846676754
9.54195601378659	30.242517045812	34.2850609842153
30.5195550110748	5.94893005022264	4.96203322194611
10.7081851040517	18.8046649651624	9.28757270299251
73.2555971356368	11.324365023209	8.9026661631198
14.8781135281912	14.1089048302308	62.1257545250122
9.36894021433263	12.0912102573045	71.8969775232938
39.0275598685385	7.78077706125601	14.415760251887
13.5322879597229	7.33331740243981	57.939235939616
31.9421132709561	36.7427903398605	16.1801302880888
47.374890114821	27.9868151657222	5.65661243426456
46.8726547653194	1.54524147582484	3.28506645899502
12.2652076707525	17.9580291816769	3.59282009470874
17.3831672954295	29.1446266365911	18.7088613019832
10.2159183985628	14.4263324394945	69.1623306689608
50.0884691486547	43.9741465002178	2.0910901958547
29.4915209661664	23.4937104971584	22.2533055684777
6.67200601039082	28.6471540707383	19.4773246159206
36.7451962720348	36.9475441691221	8.51995884837581
0.479672663137164	55.609445160073	13.6859615397109
24.1335827503975	20.5969481824883	20.4804360030594
9.68397618722356	19.5333615502032	23.677774483188
74.3291412826297	7.5684764923381	9.54457940978211
