18.4423893775988	34.4631723754402	41.7023454055667
3.65430908447798	76.6627565383272	7.60879097860716
13.2935967358265	18.2377366434027	25.0678556156661
39.2147859741071	29.7782222879018	16.9133720532588
2.53078034265469	36.5267500451425	34.1072314112015
1.46897202426054	28.8629521284546	27.312903770857
3.02577950201266	13.4315416745057	36.5540753754573
24.6820544007616	36.5998098331503	16.8101098932373
1.98791823442463	28.3981359696007	28.9005952556155
43.9110732376161	25.7885039904101	17.4909880466252
52.694557724844	0.270663248501096	36.9184785228774
12.5024332257465	12.1442872621791	17.7750626661699
23.2839601688478	23.9289300162014	1.53211513605533
29.0841961414945	18.7145544303183	8.85054120274751
38.6513319977798	33.6480398353413	9.39620365826236
27.3795668163242	40.8864376791224	9.32315728129966
66.4638595033734	11.1068038787259	2.4974450946308
4.32824059591081	9.78095215269409	42.7539160674223
51.2396638985908	0.987692177755615	23.479913279172
31.8245574048835	15.9409982226514	38.6828589433259
35.4633682572578	41.5392990417496	5.10445912606291
18.0162306958885	24.5816402717408	19.8861379734642
37.6494569413594	41.9983465885736	16.1858236026884
40.9523524069005	6.97268280525351	6.63135149824962
35.3583651293807	3.14683192556111	0.926553039311689
15.8110423552855	15.4618206505952	9.91671788967993
13.2547864752145	8.62076585582493	58.6734833003364
9.23929214907777	20.558053544051	18.742659463893
54.8123003704531	24.7667928341622	4.37500393221853
41.4717182244508	40.3307424580356	9.96564836705367
23.8272034208417	36.1025578976155	8.95538046441757
37.6723270573059	28.4710242545563	27.9342671520702
6.52082534810567	24.8700463794498	30.3939504224779
24.6737076550134	41.7767643657405	23.0986830885982
10.4829490233599	9.57999434768222	5.74494712322249
27.244462085536	1.75974653184402	27.1051926664567
4.23742407198875	47.7452225739813	21.9694050131223
29.3709983720309	1.3943311299171	31.1190541978549
16.9121597972289	10.0407952955183	56.5951366706729
47.3336440731462	21.435526721848	5.7958422255683
27.7372341266541	0.64474353596789	6.56409687668276
19.5520708428473	0.342172570685936	61.1039417149052
11.0121924947073	15.8392780534175	71.2108734395406
2.2958332683406	4.01371214725716	17.2184906980109
58.9153038146511	28.7494309380415	7.34081766909958
50.4389201060119	25.9048021053452	4.92467996893669
30.4821496505673	52.1263327692292	0.871723797578236
13.2778151488294	31.7449464610521	46.4939132549306
49.9245230340979	20.0208276137807	1.48472525248524
43.9353992901442	15.1077595144081	0.778401969363169
2.68494072495258	36.7405149325451	26.0140831237724
20.7681131180227	49.212457215978	4.84274188282096
18.3288098863926	2.18932624076927	42.3073643549845
26.084474067243	12.4494311923391	29.4946520260976
0.954454346073072	67.0048933788225	19.2955282140968
64.4636721184774	12.667517043961	7.55578847953854
12.1503695902184	17.7320670419056	51.0930544934669
66.6196782917807	31.7018422445757	1.27768083535027
7.11811930272641	15.4612595287437	43.3871788640447
23.3389115069708	49.5359488062262	9.10529201342971
18.1207925165635	59.8735125548549	4.97496184193295
50.4035138759778	22.2261778648133	23.0505230943908
27.9701977632801	15.0766993477366	19.605865431766
55.1229546103268	24.6046084093883	7.92995975722091
7.53333196394766	67.4281205364634	3.87523304851504
21.8766395570136	29.2086122693534	24.3269856666806
11.0439256816376	36.599941009935	34.2337699300767
9.02595492500158	40.2935145610448	16.4475322311965
2.88911867089994	68.9835072816273	4.46095122232146
18.562428661884	18.1614693804465	51.9705337248605
5.14637190156913	24.5555179307961	38.3142705719519
25.9847268117521	23.7266029807397	2.96894777704447
49.6656418077953	9.46628442474934	29.4301049455209
18.1770700580334	6.49951547686919	39.3922511205972
9.42881624653415	20.7285989172424	17.9112667301257
1.66960931460821	22.412560937187	57.9130878941683
6.5205515392686	24.3817836159755	47.2194863237531
30.4755184010023	27.7969782370129	24.9832722474743
12.1908711791927	14.8353695938528	8.348260311572
12.73484766145	62.2384533110254	14.7051502553304
2.09698164933221	32.7101139504044	53.2081537196451
73.2249280313146	14.3453347097828	11.356875724791
22.9036231166234	46.8045141300207	26.2586204923031
30.6639097773768	40.0134039297762	27.7358765377364
29.7093895402315	21.8105713938412	3.59585732389049
7.01663974067971	1.54246557575765	55.501093741274
5.21995108817702	90.9941070205505	3.11745526414246
39.2733368739827	10.4452575139912	35.96851599215
84.7273999754001	2.07821745522237	6.22448693319433
36.4560898563154	39.5116944050005	6.40618084296872
22.5304851413381	0.771743851141885	56.3576687855449
17.6033147692696	34.1129755760138	43.6635391524357
42.7924995044211	46.0016154898338	0.0674400478915498
28.2568712850366	28.7291306670425	35.7036879452428
2.08985568121535	27.3685107600729	23.2425808083464
8.98234006435719	11.8855711593691	8.225690111623
69.9227935028834	26.1670156038213	1.36061990696966
12.4611071368964	40.3478904815148	6.785334836126
27.8660644441219	18.4881563384496	44.4710959421802
16.146838486263	51.9146740212639	31.3915541076062
19.5571669934118	3.97674665040185	44.5184337182522
5.12785688281425	22.1487921300106	45.0888359197829
53.0284602907619	22.9259155331766	11.0448276675515
14.2241129252241	3.26052424649732	79.160434556734
55.710580179333	16.6884587224054	12.9386335205932
2.07483712680397	14.4293101105976	81.8279545203913
29.3007350663192	19.9952102825023	35.0559279020205
19.5034914275182	1.44300698369881	14.9169548018449
23.3065253697832	0.806849077719659	17.2545549074442
39.9328408948764	29.5167305178553	10.8492192862785
25.9916588785088	33.5465205058206	36.913447145798
10.5194907684436	23.8725489116612	47.5792858971186
32.4691390304217	23.0882827300058	2.04440127222072
57.4092710192358	19.5122055334562	3.26663055609289
66.6391006981205	12.1794458069743	20.3671048024516
46.5156361677291	38.6954657447969	4.21713087904133
47.0319846864007	26.0745053766642	20.6742375719707
67.3356019274032	18.3667464267308	5.50825959328015
5.38125373673684	42.8225217120827	34.9517437792158
11.7412348332541	35.5301954483288	43.2004980012777
9.79764778623248	77.3488945687883	4.21247333484351
24.6860259793168	10.9420973392865	17.15797978321
18.1782175871442	46.5958568018842	23.8598720747325
6.53690197809455	4.48122765146253	23.457671200604
48.19418915929	5.9668396627376	1.63658154273247
