3.37737105012749	9.16807000020895	29.2537323335436
63.5915051976179	0.283852638808942	4.87395930330919
27.6889097540122	3.71072506704867	5.86348800261667
68.9161174320225	0.133931171211382	30.9376228279144
27.8101061600308	11.6737863103271	50.4354292296038
80.372323924849	7.6357852703127	8.90215975646962
16.1619028151789	23.6551297007385	4.22637351054064
3.00657316251033	57.2457402745475	11.1136809974507
16.1343724076331	47.4377822351818	4.03800104001444
41.5332694731342	6.2896280578755	6.85546291379978
6.46423856097471	13.2866703967036	13.6656993132391
10.6161727153771	20.9251748495387	41.6850242957869
17.9794186809936	37.5595294579675	23.7963356188481
28.9953323681817	43.1966793924555	11.5458157898606
51.1084637376985	20.3866885138614	16.8238290198258
30.1392085059263	0.336528290219851	25.0648576417309
59.1734913918998	17.9476708257327	5.14856544563014
7.6359577512536	35.0312301120866	27.5264423003078
17.845365180562	8.90512052406795	35.5649296359927
70.9470258424743	15.1712130360171	11.1700070608268
5.40610389104397	9.13799698890094	28.9123500366287
29.2303359737761	23.1327339183226	16.1270999424751
8.88094734814062	65.5409219514303	6.03321604711619
34.1614714051417	10.1943132515039	42.8084940848912
53.3397614272962	2.62768245424502	2.01896727179129
0.70966966483261	7.58016449752271	15.362476937176
37.7585258510702	60.0257671252013	1.28625971325033
40.7895268130999	28.5333349036674	14.7999998716637
0.811263360460877	72.9106685486206	14.7486445097014
57.0704066460349	18.7217503873267	13.8853632909643
16.3871231565192	15.2707337938578	60.6821654181379
13.5922886960173	12.2896397543557	60.3747796548413
43.6280218621846	32.6967515669282	11.7217436021761
8.9674545959418	0.0142790377206537	30.2543922468342
36.6708425044412	18.8460100995591	21.5745244741321
33.1185859782242	33.6223961942002	27.6994802186729
24.4415775986582	12.9753733579886	17.7285719279799
40.4368967006155	6.40369705222719	6.42884462439867
49.1979557318603	17.2523543784639	0.0925855245872333
69.6173672422848	21.6621045124075	5.16543342041105
73.6389245715174	11.4391196572404	11.4005440433512
21.2587140599539	10.012281364767	43.9360519144386
23.1809545881958	54.521924934593	21.097047171135
38.4457263343249	1.2043321510797	35.505379054465
36.9629472666248	27.8313489760418	22.4159289721474
4.7997130103408	6.4633058414158	34.9555053910965
33.5118372149355	31.1716409079598	20.4577723613278
18.1307752701132	42.9176865345415	30.9411881169962
35.0369658484296	1.88659429638022	60.6082161239387
34.437040069344	29.2642850099431	21.2048666650452
12.2307312731774	18.4864211447939	66.9346986184524
59.6546997128309	0.257231388360835	30.5128524222005
11.5935840697929	12.7458312608049	64.6287376827694
25.7468043946413	60.5072070194908	11.1879457771722
8.9037663344777	42.6511062507756	25.5715103473382
21.8215443295527	1.53575684015442	6.44104602115277
10.4211403105506	25.814034708689	59.7649583405652
12.1258243509223	6.46511805544846	59.8294601588647
35.4243125931473	38.7744131212935	16.8434597164595
45.1344642067023	20.6284133347815	31.9286680929031
12.8637549061625	5.60633642860052	41.7608187728379
27.684025665598	34.6246550952199	2.70885853222984
17.509381900313	10.1585210813948	52.7591717209477
35.2017883840957	4.51379241632009	39.9504569545158
1.36605007637574	39.513760078472	48.9677885775304
18.8519178511817	29.609184213732	38.7502480944387
9.14527457633301	26.2068868736769	6.2256142526053
26.9615715495132	27.2943029307268	2.67854547252811
5.30308331609847	58.5338476386545	17.5163302186487
8.64916663088331	26.5388025560131	24.9606978730116
17.2267752314111	41.2626080872783	4.69423900576971
56.2446402182079	30.9516535750365	11.1177721112584
3.9210621285816	35.3823270347818	41.8497262717456
20.6253558493337	1.72584145410258	18.0105990814094
13.8429257617532	81.693187207772	2.75367857085247
50.6492982854365	3.68558583021424	30.8373414123605
9.87113081378449	1.13774375111691	22.056599996079
20.9835596014669	0.274129305162527	68.3083317094987
11.7619023247445	6.73357397631443	14.0629166337023
12.9655706290927	43.0817818469749	0.606779801010517
10.9234980824047	5.32121262760889	58.9577360353236
1.19567490238495	78.7647777603775	16.8316263318209
8.13091304531829	60.3624671978701	9.05043008227387
75.0191930565141	1.54128540379055	20.9133773208192
3.58266947026489	45.6039676189441	50.7480645788592
19.6820218207697	42.1953447359592	35.7721016908866
27.7521275578775	22.8746701604103	4.60739382757218
1.19344303439997	30.7556537588852	41.9699561977619
59.02592360928	2.99445008998478	35.7949983029603
30.6720869758502	20.4539960811166	36.2112386786431
83.0230439002733	6.56500724449987	9.6502445217456
28.9008654788606	7.81711102827318	9.31751090535778
7.66532682239326	4.49353768699502	24.5670957605201
69.8160809789859	0.976331439323878	15.0017777527691
66.6047645577252	21.2355386564674	3.32357334127816
26.2700960162422	28.5302966500308	39.7016905433041
37.4357664666305	1.49783329176616	47.4321395845302
15.9076755009162	4.7090778149241	63.0654513198256
2.56541762620463	9.32539464408783	40.3089484387585
64.9002509959509	12.9965621107242	14.5393408436977
16.0802010521666	35.7130116483723	25.7431762412857
10.7453073424964	58.1862127213675	21.642919453626
29.4032483498581	38.2551813676279	26.4288095414773
13.2842894705405	55.0865966617533	4.78374553135771
7.42361969660205	25.7454890412025	54.0707665747361
20.959430709928	39.3669175167414	6.57789637640952
57.8664867942531	21.9796286532561	12.5096923264254
10.8865931215168	6.47987397689366	57.8026009061386
18.8909089746377	7.6919934748169	35.910151217091
22.481819299274	8.35851980762487	57.8820546427192
3.91784743588318	22.9754175632146	66.5535557859361
5.06139644657327	39.6696119753968	33.8301024557232
10.0330527918567	9.15203579196336	44.7783701330323
16.7903063896998	34.1410989566432	42.3354260820595
5.23923337703535	0.136783206899084	5.5126624207537
2.08067083828182	5.79279493810273	23.6765070462956
24.8028270550085	7.9523819535749	3.35924085386062
1.76502508193488	40.1587321144337	43.5478275844584
61.9151802090533	15.9287887233909	2.3654403641659
66.127726326756	8.05585538412251	6.69172187647397
37.9140083388956	4.3697871288144	17.6685976878128
13.7018412415412	61.8428299025832	13.9204126381876
17.7663269535482	33.6403326288053	43.49716298445
8.23246450546778	54.6603021466454	24.1347673461469
85.7157190729472	2.42858650275906	2.08282428890598
