14.2604145287817	16.3584140205562	0.235010823344351
28.0703110285431	33.6074723087286	30.8316301698012
19.5074966733844	18.8991671981752	47.4966263619702
41.5217908292645	28.0682215597798	24.939563742345
33.7108273216108	30.6572592494345	10.4076051667368
26.671579073496	3.97457895054229	29.733277778017
22.8885186011384	31.1928624432501	12.9641298265029
14.5319585756082	9.5743937462449	18.6637085483706
39.7777733578243	18.5840287332349	35.0724275387229
19.408214706652	8.3565600255302	21.6184686970052
22.583924290996	10.1452067075973	8.83301115074801
13.4864745258756	51.1717729508745	34.9188194307121
49.7930352342283	1.73590495331954	38.4733718999072
4.77678156680278	85.6667409118576	1.86264952731442
33.8584781316381	5.92174018077633	57.1847870746557
10.3114383808856	4.24914742086509	44.013273317373
56.8563949581498	12.5692412315725	27.1271054293621
11.2307791650439	32.3487594408676	11.709517245977
34.8742820950571	9.76816686325155	39.8988128825551
22.3531874932131	29.3264101861633	35.3397000745589
22.8305335262933	28.1231539454885	24.1276939046232
34.5636604980396	6.3387181639386	28.289000889421
4.66922992126515	9.58332000746546	52.5293460360399
22.1034292700251	38.0375140989374	12.8630976252552
19.392242943585	54.8870723018828	1.57298771737748
20.3233674263225	8.08073133606498	64.514186682419
27.0901479418809	32.3110682574618	2.30549136284063
26.3487387105584	3.97639442420397	30.9217886211918
7.84370550319725	34.063583581738	42.3726671106986
21.6198073800745	29.2787876116479	4.1066936702033
1.50076262722759	25.019379623709	30.0775012141455
53.5000866993796	13.8208707858906	10.6282455896159
7.88828391017778	18.0035939523967	35.6314039023739
1.47903403336137	83.5443182306105	2.82195382882932
49.8085951198864	40.8587109022116	8.77567865363121
9.11272592335601	26.2067020527118	7.86366812319666
10.018264506952	19.9574471078615	57.906535760456
17.20725829583	39.7903306129343	20.9012637943501
16.5478544852454	40.9491058164039	31.9584855492965
26.9608280281354	3.86647097946446	6.40658615455338
14.8243433864901	46.0574725857272	33.7206116103198
44.0540992860003	21.1151130130119	9.16730692105708
21.5823713324882	57.342897428825	18.8436311757395
9.15538659745613	49.1904781894714	35.1890748064914
19.8876173328085	51.1912400606979	3.33916605605705
54.553525268358	31.6497897410997	12.8730489932341
9.77997035243547	33.446817860681	41.760400003642
16.802480312438	45.6076080657577	9.84266582403456
25.7322902911027	54.6018613290982	17.5406884483717
44.6466743688316	15.5636396797205	28.5255297685627
28.2491702252297	47.6553030068312	16.2109492887794
21.933583133823	18.3350592937018	18.1310925717145
25.8118436326328	4.87409038696163	4.57432535689991
5.00772432657318	22.814819879278	26.4822630335029
12.2895998937495	45.5617653883816	21.895315368611
52.9155005015971	33.865736487259	6.39918237291238
10.2877497255279	60.7511050816398	12.0106298532386
9.28561054602527	5.71698011165344	15.3374735803052
8.82760165670309	31.6507369427247	29.2304244494207
30.7116901645026	7.77339144040523	1.71624282454897
59.3794199914576	33.3200771982409	4.00125659257232
19.8902546520765	1.8307617874028	69.8710508038621
39.8913455381484	6.31300150710763	47.7058242297293
8.36526202427468	6.34785122533694	62.8014506598941
7.06960014396794	43.3760288373456	25.2098882222594
31.5277600342071	16.1899306886783	33.5988346178079
22.0865941709311	37.2361323969607	35.0085250730666
14.3523607004212	51.9820873401976	12.1008243468128
4.52564810613433	47.8167416750531	6.01754621882809
15.6756064927558	17.6394496195202	5.93940103703151
14.0287576308608	4.29547801813831	78.8983822701957
54.0813408578193	7.13842185546571	36.1129354388048
27.0870698276381	1.32562164278963	64.1184330285147
27.3045486897717	55.7892698588731	12.6639808121435
39.0765892058036	26.5592872754481	33.5078071027565
24.8213915735583	61.5942656349364	10.5010277640545
13.6783395491905	27.2080038800873	26.8187225921167
35.3307062924517	27.7297196573251	34.2597882422897
16.5219267441528	37.6475220255775	36.8176572661929
31.9938909877063	13.1688445402164	43.5076608059498
28.577931052343	33.8358126738275	9.96355722190978
3.84157928817048	4.15453580401583	65.271936759945
32.6302355772956	49.2722821185702	13.8047163904667
36.614560865152	14.4155671887172	47.419696928663
9.34719294744879	30.1968219364978	13.5406554739646
55.3172890354494	5.95439914891235	12.4898371810512
1.31487920941547	84.2460501400037	4.94842147685048
6.92303087884701	2.46856697018657	75.5008103677541
17.4106972373141	4.49474067636521	19.5352067796212
18.4974841859646	44.5837202223873	15.7425256519311
10.5966115885398	20.8044930923751	26.2945174827681
25.7506393481747	24.5307418631999	13.0646587410311
7.9905855972276	61.6348401930345	19.6609354203851
72.952804189619	12.4668595439134	11.7294925319634
21.8709287335495	30.1801154530515	31.2741364498037
14.7346918539771	23.6067063285069	24.4171712661242
18.0800993545354	22.3798313282336	46.0065983915732
1.28474170401913	6.46223090889968	83.96170245668
21.0584907424909	52.2942302992075	17.8809248459902
46.519417756479	4.78691719695316	30.2855379554841
24.8475448809786	7.92078525196797	61.4782214916676
52.073662053828	30.145381405086	3.47415437152337
46.1829215037557	40.5515856764054	11.7282743154691
10.1903771097727	73.078988200556	16.4276733139659
46.7747284317271	2.37565417884647	23.5563342103531
18.3893104635129	8.62275548680814	59.3053648058816
46.6079385236874	42.5171517499337	7.78614646186407
26.3800055842754	57.7423380025394	2.25209677696791
13.0375044481072	2.60695517184537	33.8710622088383
16.7240852102284	4.39075413364487	60.5893707650664
5.42867556467125	91.6819222232708	2.60576140256867
11.520828777701	11.1999483365565	0.0431369524649982
50.8805012567344	3.50111466995492	19.7441345638335
44.3822184784255	16.8177762147122	16.6021626519981
13.2372737923811	63.4805782062377	15.499224334722
24.2307360862525	29.6604998082204	37.0133603164057
16.4777421469231	45.9732061000416	6.98776990500641
38.0121500873995	41.6807018880177	17.0082822521256
33.9221396175782	7.36926715232863	32.3289287427109
12.677476747277	59.0748921777471	2.31095343004491
15.046517604518	30.6767035884209	3.6115676647106
29.023477402061	54.2640433899425	5.76783544652529
20.7300967167737	30.1453014510429	15.9414824638243
8.06221682953752	11.2711195886466	52.5099549687048
15.5602338796296	7.83271915644068	72.6496326609746
36.7103709078908	22.0077662831209	35.462969045836
19.9094785935755	45.9473968697467	4.46978365279258
26.9473743284807	41.1200015065819	0.950440578605254
42.7826938418591	24.0311272554245	28.2981773038852
2.63060187112102	13.9605972049574	5.54949553010496
61.9678606102093	25.8814015546261	9.14374371485028
36.6032710003682	24.3167724573597	27.1594043016245
6.11251704679454	37.5938914425643	12.6878608077242
38.7755992537251	35.6540694533168	14.0358655778858
0.457945279990297	41.7742879790134	8.54855017203304
21.6238392617664	16.20574361468	27.9871242716848
0.716210063880407	14.4447530221402	41.8624298376322
63.7224252632458	9.05065723184993	20.6781424212633
30.6652814292653	29.4567887808461	20.5647823030896
6.73841149859988	4.39900481346948	34.9092884617435
9.11338152788271	27.6754401287415	29.7529886615244
21.2976475345426	29.9964035535215	45.4342918216411
36.1919669137299	29.282195693479	20.717395618892
31.3483934995478	49.9835626454947	18.35957924759
9.03559304263238	33.9854350471801	5.36195617418827
12.130269553573	10.0021756300713	74.6952451182042
18.7517896847575	27.4191677698023	37.6863390848443
7.69885578551276	7.57256686108772	67.7541927750009
56.2512945180066	4.63574258826475	18.6856012412746
1.40271186893932	75.458435050891	17.9905089633495
30.7874597286747	38.6824480903719	9.81314201364906
15.0876206881775	50.1151484670654	22.2188528264961
20.8011970486498	76.8861654106929	0.224919896677565
38.6468806484001	2.68679512789789	13.8902556215833
36.8343113627445	7.23650837654085	2.70980531475963
26.1390194418556	11.0302602457955	61.845713789503
43.0827453001788	35.2940331377527	15.0285912281967
51.6952739337903	33.8816240121991	9.98475049155985
10.6826083784376	6.57392046720438	21.7852697809158
12.3042253834681	1.90680455505233	78.5046934515725
6.82509113420969	4.32044635728022	39.4678470396753
48.9363241702953	7.55094732509504	28.922115279791
4.77502704820364	35.1516453712953	38.5893810254472
17.8828782950914	9.15940558033036	47.9815089367244
7.04717147492206	26.3324635225965	34.4356617119329
1.15975723655883	24.1426013988175	65.0435208180191
22.3271862707693	62.8713562911709	13.8218999439021
31.1068589943959	31.5374834609858	12.5230262579969
22.3938650090219	5.88741423836323	2.18986212377896
6.89149503917037	60.7595088243296	11.583426926091
8.27297470917598	24.7632249373771	29.7210571960178
8.80709509775373	11.1955715861151	61.7371322408957
34.907314989207	22.5195360474845	16.2581942585568
46.86487254075	8.08385932263167	37.2779243799289
36.8664863691044	19.4570425988441	15.5874955540465
4.40607071128025	22.7363699221687	42.8702255444928
13.8104342454162	41.2556979531682	42.1387772737717
24.886090925376	27.3591227025535	1.17995156961491
14.7541294408749	9.89844520105908	44.2725953386503
48.9223445062164	27.4221197364024	5.48378816129816
23.0675252727547	14.3709799341722	27.5081972719674
13.7692053400768	14.1683037924433	41.8294379216756
5.86755941895189	11.3195734151265	43.360881108493
23.8196761458272	0.813883263996748	6.86417091957488
11.2134049233112	1.74614335491608	11.6402795592511
0.100285140844195	3.43762179996708	78.7408676830776
17.3699013969721	42.0459964508405	2.36367639264263
12.0803645868229	21.1848137533221	26.9742768849126
4.51498870016774	29.3571547741802	9.47648250007838
23.4773744938324	53.3553885544442	16.0587587002938
2.7912329895381	11.0302845998808	60.0700375438063
19.8969057853785	2.69402577667219	15.2630410228218
38.5193468716551	44.2079870701805	5.99515745695455
1.38754611899496	94.0785807995492	3.32707022471683
15.7803740891537	1.96153135130253	15.3892978631841
1.82323237034643	64.6356035790572	9.47429649973023
33.1644343832342	43.8334776292711	10.2939497261746
10.8631260743659	17.4756571266221	29.7416533947651
7.30863106777362	31.9905217885927	7.82285211972094
6.76012914942584	20.067359330164	28.3276138493454
