67.0884976475912	10.7062316549505	15.6392548306097
7.58729996512984	43.8264113123652	22.2502500853735
1.32778072791536	48.9691476099981	7.7244446183203
25.0317193218655	5.92080736808516	63.6882743163445
3.33191184482161	29.3385654358839	47.0637894920371
52.5077471288423	20.7539839766705	2.01791552920729
15.8432925193772	17.9151100189961	55.699821866909
22.8799537862092	12.5958261604401	47.704121027004
13.5400265983958	85.1181285386524	0.573077192796896
19.6166332902464	27.5379059033179	14.215429878894
38.4964893285634	3.50141721009343	34.2953277911503
5.45966988683663	2.98863239725522	18.0721134497189
32.3968832997591	25.4564745935874	14.3776244550839
5.51141998987245	45.9450563629833	20.5161490573157
35.288075793203	4.91422037822857	55.778367936508
44.5451742711222	11.5871372686639	42.6074867335183
9.15073790082277	5.76086486958008	65.5009646273688
6.03795238120386	68.2647750099491	15.8403369206192
69.725329601078	10.1294609765194	14.7155849797258
6.3172618422272	56.6796150322443	28.1689048410249
52.5261404703027	21.0394770470632	4.83095329479824
43.4703754463561	27.0052909511166	25.5613671269088
19.2028728403164	7.27346525866234	15.4712803733867
55.6816549299665	8.64625289507501	3.00740716187628
80.9212891296117	2.49064159695555	1.79508542725588
8.61943196906682	55.5631181018255	14.7177767542739
1.28850042879977	25.3367586645003	53.1409822651842
24.705497000695	49.5572373036096	3.16673787458182
48.3587076181354	16.7366306841078	17.9687322201062
13.6434576537662	18.2079417715817	23.0272039412648
43.626196982165	39.4915048216896	8.22776970836696
5.51377153280832	62.3106912068607	13.1003485122232
13.8003449485639	25.5720747753848	45.2487683600042
43.4162504241877	13.7672166404162	16.4889216965478
6.5382822447169	14.1967299926079	62.9085013935848
35.1814621291968	6.38478203042633	1.30160884060972
24.4135560581524	23.5176486072678	30.4667034328294
16.750991631649	38.1054247906922	17.4888229544688
12.0111617781274	27.1714773621277	45.4088159116957
15.1149673457793	3.8455171062823	20.771337869005
12.950459734048	23.3986907281907	8.7377051397868
0.395123707314545	2.35860850771824	46.6589574453695
79.1452722526832	3.31976753814135	11.0202246862558
17.6723043982276	21.539055659221	7.31422729199483
38.7132761714576	26.4761446632799	29.2954262948108
28.0609471388445	15.1840412594304	43.0909399143844
38.6365684394895	5.26410863048588	47.7743642627142
19.680304368809	32.9977016118344	20.8816557754211
19.6073184346814	5.52784051072218	20.2491408308265
0.961165177152103	8.76957741974368	71.9635011497715
10.9894916000727	35.7135241086192	33.4583972736534
43.2685983103088	11.3108608458707	11.9433797020201
68.0882064011359	10.2869488812457	11.3290206116294
14.3036480128316	42.8764720181359	28.8348122634156
23.6865727806867	25.5272643759508	0.716063566839352
42.9869333482287	21.6143549054928	22.0825629877311
20.5723648055328	27.2384591061801	41.0573271294391
40.6668907220787	11.516419617234	31.3472993817866
30.3115469079053	8.97943857544076	60.6056842303861
32.4703334516242	14.429537772401	17.8134359967957
9.10363709977997	20.0937036052783	9.3306388749418
14.3912874229212	11.3278651197105	0.894782739176779
2.37365067115689	54.0221436200767	16.4837822860497
25.3390319297738	7.00242068013289	59.5240699870158
13.1753278491904	32.8466056999036	35.4340412818985
55.8052802718269	5.59600200764649	16.6631727556992
21.787076034484	17.0531589617269	54.2135647750523
8.64001466363669	72.9964122516086	16.3615725079372
18.7647667335182	40.8095675244972	0.946209999241964
24.5902991036839	57.229361802912	10.2826370439877
5.80643895352559	1.60429445170066	55.8119869585205
9.65929278622349	25.4400118838251	31.816758137111
1.65859097692119	25.0254262820936	61.8774411556672
31.705410607022	36.2651626748336	27.6515828108655
44.5939904286498	7.51176518737886	38.1557951858993
19.2258911762507	7.84184169389393	36.263964574907
35.2152103256505	11.1837460711523	45.1216405467697
46.5569130827472	19.7371308318047	32.4621593265152
13.2105354746853	51.3605635852369	21.0157096483818
11.5670369526218	56.3786983286863	30.0251560891164
12.4801394122095	29.0615251423146	18.945538168282
31.0192229836337	5.07235075583325	39.3313182701037
27.9240887742136	4.68815211424984	59.6206789648257
9.46408892491091	51.8578663709843	28.7209801043947
69.7382681862164	7.37890918151425	1.72775960607816
53.944650503781	23.4462807529821	12.0117165669853
20.4695990404438	71.5999753082171	4.09018132094768
2.8709289165544	16.9099662531679	69.72940274036
26.8586455969413	8.86212559829565	48.3440865056329
39.0656997165949	11.7564722484706	38.4247054990496
5.78514258646646	14.5254797369826	23.6554236727093
55.5681802125499	32.9096995447342	8.86051026585536
8.61167321382634	41.6058194551644	18.4746641751726
4.78177662230179	15.4375246797863	73.7129206181098
40.1139858831251	23.4165937283154	28.17110206381
27.2281204011422	9.73860417014854	34.4064638644487
28.2158638947717	25.9544660458129	26.6456776888322
39.3064567536611	36.7714972406493	10.6935407084848
23.5551077982202	11.3090900756927	27.9345868751102
60.6030976681984	5.1641971362588	26.0151699772175
21.8542814356528	3.71392723345846	70.5887075842306
53.2443163698745	21.2387869699107	6.13265368441709
0.0235635787358338	16.1009962745481	62.3166629403441
36.3042690960245	17.4521753180084	33.0575700071908
40.1048331242543	34.053752633768	10.720058163032
58.407046067718	19.9447034485381	7.61847831663605
21.6011562485253	3.18933865203957	32.4503556510668
27.5704453827676	21.8701609046525	11.0143351419896
38.1032038657475	0.357326446267463	59.4041051154044
9.46000530824997	19.4718785208985	27.930477134851
7.65825081973255	37.9096559425395	6.70505939363738
18.2057927913059	60.5435344206838	15.3941147566746
17.2005285123366	34.9838527548052	6.48442381363568
32.1722764671651	19.6313898170513	17.776615367167
39.0624943371222	14.8294788388673	34.9408099590525
1.37363104213664	49.4725962399843	29.4914920486005
8.48810053825756	38.2014536476701	16.4688556531765
43.165834407865	4.4608102200836	40.3458985222252
6.89529059775886	32.2153439895321	24.6961596071237
25.1732510631779	19.7632909378797	16.6542335490949
5.48308100806693	38.937623118487	37.4172342649741
7.24298251198744	9.13944417105031	9.94998845735099
15.5446699892844	4.73665730316968	73.1872773138747
59.6976705173485	33.0721376152114	1.38280922611375
43.6200552823115	46.8458851551851	7.3226811398392
18.8610779675008	28.2853446566897	51.5305280925383
8.56717923123724	71.3818663597954	19.3978270140466
3.76754105266535	35.7789085878892	32.9898422737559
27.890796320462	19.6141515018484	30.6918560670185
75.6960791422502	2.09729909063191	2.7757908696196
34.6920229656119	28.99594368832	10.8393507594426
5.77656952933249	24.91639108626	57.4286225053615
41.2079137010537	5.82482810403445	19.2854167983334
41.2815801060207	8.12196825077849	18.2186470451852
28.4034927507879	22.5632593606428	43.1577606327635
11.4064392686852	51.5484818497433	27.0119109316784
63.362757611723	6.28853021482403	6.43268432767721
29.3684372349495	48.6901523306454	19.7546965534588
25.7561009031516	0.436980743164653	64.1574280169594
71.8578246756726	20.0562117714697	1.72549234783533
33.8585161295992	6.99438453046344	44.6716176088302
5.91039010598808	11.3374758098915	55.7768083902899
11.6640317773745	49.1960984418151	12.4625771364489
0.632185722064313	27.5429233105587	58.9904055739708
26.4401273925044	9.44166430711824	57.5875733781548
1.40283219581602	67.2398839459009	12.6046705584064
47.0636944505683	22.5759630662277	2.78777266051051
32.5574760942522	9.8169498191294	36.2714735494328
24.240943381675	72.8817441374444	1.71968154689282
2.89184902929321	46.1711354768701	11.806833377018
72.5685255008603	9.86958202434219	9.04085706409107
5.58576109147899	26.7367963337976	40.2253972553766
69.0354091436767	17.9909470574888	12.835437996702
28.5629084466784	46.9912854707759	3.48282260982451
6.4769507415951	55.8909631594508	3.4685275999217
62.1790884352192	12.3600098827668	19.4391576198112
21.4984790987794	12.954122020376	59.4131779667983
30.4758292299117	48.7229671556144	0.548117188992033
32.3328757809162	40.0805144757407	14.0063042352005
69.2345323829141	15.8810730631841	5.35903424274131
12.6376815664757	47.4266980995548	20.1870407071836
45.1530400873875	12.7511455736827	23.3691361375941
5.50461961212783	8.09974158559914	8.99156579235176
19.3440666046664	29.926551566425	7.7120927664042
40.4294063525411	5.2592775343262	49.5757125083244
43.2618988413652	1.72743555238817	43.0767295151375
25.5481233473626	29.0406003729629	20.0787601620326
17.4233864142668	33.5572213090757	20.0046495627634
28.7384568847429	10.2546573664316	59.4163020883763
36.9173138108651	17.8675511469448	22.572925138554
25.1434387290587	27.6987181639759	15.1200850564614
8.01148233376978	7.17817172742364	45.6538460430009
34.0481875157208	20.6280940308366	39.9681913852544
9.11977640777816	27.9436304364091	0.113341491722195
16.243992939705	20.9609060180191	36.144818708368
46.1533616511865	10.6288764675282	16.0476182196511
34.043773372678	13.1645200835376	22.3517119988574
28.9015470672872	10.930803935477	30.7836058227269
13.325946644566	38.9216815768376	36.7938117295475
1.10264439187136	46.8560286550112	2.07721088178326
40.927780950874	8.83274758645927	29.554213364401
7.31571130795205	36.205711931086	0.447087083220057
19.7359358052425	21.4728562261317	52.8205262743032
5.1809611288742	71.9362470190675	22.8695816001248
9.39946994623145	35.4989394245199	32.7344916447692
15.3194562603344	11.7513611967449	60.616182796944
36.0390000678781	27.9248881749459	15.1316596731225
7.00149066140945	65.1793842041769	27.3046037309359
24.3856205718525	22.3409276559674	13.6135799408022
40.2019446437256	11.4395399165524	23.2533475492398
45.3156365292685	18.8117696059923	8.20863428907871
4.05125618169608	2.3200488194451	78.2489504098189
18.3135910510614	74.1733462895143	1.67608484703865
32.5635994004847	42.1252465537401	8.1256649029095
26.0482043614836	28.9014514204587	23.2409965820801
61.5456547874704	2.5314565294103	14.1751582800295
9.56284618450461	36.6923451128846	13.5946812637126
22.9058337970198	18.9344654413566	31.0614754124831
22.4454182770315	64.3363826742099	7.73311499866336
11.6036792805436	18.6090649192264	69.2780709216735
