11.9925413802231	24.41245570053	30.6480682132058
16.6569889134993	2.42702630461521	71.6765378935619
67.4619036575136	0.295601552489959	15.0187789998105
0.955679687185064	6.10388028719643	66.0738026099623
2.59293234096511	32.519236454982	38.2908903240649
21.1072551184833	26.2364826752974	16.749893602333
38.4869682316142	34.7933757746561	4.33742990919269
47.7514671849792	10.5521901094132	16.2731844076296
0.476709194703358	21.6422819167572	77.0152368475754
52.3747954295831	31.1200076859072	5.89625994018105
5.23936352936521	47.1405753619692	3.3005572870842
10.6906004299832	44.8925499547704	37.749174394528
2.6098624815279	6.89025135100365	7.25483391771784
28.0341486577104	39.2800348993763	25.0253968057341
12.1211726274906	8.98989951656661	3.72426724234795
12.1570742280023	14.4750872694306	6.98982058418441
13.1951940307371	49.7649329480552	24.2297563349035
43.9102481789469	0.888008904125546	54.207535253003
18.9361937432253	46.81548264195	5.88323851389961
34.1273094686341	26.770562132248	20.1134863403223
5.70660261703031	3.83896357558619	78.7458614812912
39.1386510520888	2.25507626415001	10.2943590424463
24.0443135258017	67.4092999973378	8.3434280512591
29.8242941171975	0.963944383414436	11.7086936308577
30.0485010864439	10.4074077263509	40.5076030364761
5.36261550400528	0.20176582047798	6.87880236975793
37.8720979848281	9.32935784073982	19.1121812533178
25.4829631305686	43.7594668212158	4.70370156909512
7.10231345477622	27.732593113432	27.0834484729373
11.9790620691977	13.4436339668201	21.8451261156449
10.5700423990237	47.7586031648138	0.248920777928513
27.3442649409847	37.1056154077433	15.8313234876056
21.7122519024239	9.5289432488051	2.70194620951169
36.5598804021999	22.09584751264	37.9686215603578
18.3148854497424	51.3197491650096	17.9741104217126
21.1177028813947	46.5641155124475	5.8225264799886
3.61931962129628	13.5633029106834	64.543551190078
37.2497542934724	3.65421562625757	14.8809717106079
62.167671118941	2.9800581294019	29.4787560726883
32.3974609991524	2.92235994847601	10.3482757277546
2.14557061071767	71.2218586221439	10.6409429622073
81.0797172976098	9.35949497360713	9.04287766154989
48.3452270032583	24.5943132436808	5.20063988175273
17.0972192273928	2.58726240256208	0.67508346432591
6.26063421660132	23.9006277750715	11.6272084003441
29.4696692980219	21.4693670726704	34.5557198089341
18.2248721449752	0.345206773069318	16.8880167495869
69.2430715399064	9.62666306161632	13.0195817970762
78.5673070599173	14.7123314043099	1.95166436114892
51.5590127797607	7.27581633593692	33.6454480111811
58.5852311265586	0.730505260047738	29.4228802572111
15.5066001301196	61.6652746972001	4.11080173408184
23.92090182934	19.2976416644164	29.1436709599307
43.8137309829768	3.31821506997487	1.94597235040086
24.1927613151226	34.6829015457457	33.6313137009886
10.7170473368452	9.84724732574413	67.2377577364621
12.4997059872838	15.3024534300447	33.9922809665987
18.9693358349471	49.5781190924245	22.0759187462162
37.2961785352305	9.26611181780049	16.3705237286028
35.0530843879343	6.05209255872857	37.1849176647071
43.5421974135294	38.2691832903163	8.4401942363196
16.3848249783669	37.8509738658792	31.2227640446381
1.91149762920639	12.6435410755889	63.1849271539529
12.2333031670345	15.0160260568448	12.0904497392897
20.8114236224496	47.1668909523482	20.5031440223116
5.95184406542771	7.19975168220687	35.3699922260689
8.26704875019707	42.8135498626221	48.7620510387989
42.6817831316412	6.28145910160684	7.81627437463788
5.33828153523536	62.7259399102656	11.6865966523469
33.417622993429	27.2359355013985	31.4207403135583
10.1767369127724	12.5443748722525	4.35334108972612
37.075454386452	41.4471555228565	11.5983206832774
22.3648273490206	0.489900633920869	6.65602078971268
22.9802778097709	31.6403583305145	4.88231112476546
17.345757976801	51.5368763131727	15.8114378879831
0.844456581792076	79.4081570019052	2.94407624888424
13.4667473442232	76.4706147725091	7.36359255731273
41.3907270139971	38.1211918024911	1.79427438499139
6.8863513911545	13.8068505161474	9.48694050753812
49.1197435414045	0.60585588244994	13.5668201900864
39.1855174392394	0.344646768804941	35.3211892001895
45.1980881137765	15.1054396364398	29.9807272059753
55.6344317065712	10.9746607537263	15.0614534109186
14.7270007593217	12.4394931888392	30.2581315535391
4.69745067166977	37.5515327498091	15.4529095233664
0.274223415308736	61.2954848731381	31.7260489481157
48.9938752953866	22.0555158434694	21.4926550264902
7.78707992648104	47.7521066310592	21.5425608779968
7.99448211118322	6.33142916780497	21.2683845410442
17.0247809109393	14.2534244871947	62.7643519373445
0.224270485445983	67.8912744707853	1.3426529715502
5.22241345849932	18.625238034234	31.8082567918153
25.6801274724678	36.9752218187671	24.1829175149011
3.95968151463181	26.1528147971969	50.0296919839595
23.6460819950542	41.7202378817463	29.2005073415118
13.7950004142686	8.9404236101268	23.567742027141
25.8235543155221	10.8537448620674	34.4473758872819
40.1320812013615	8.31834869846625	36.4233727736507
12.4582608288425	45.6977323841759	31.2066912796379
3.24068460764395	2.90953321517889	55.4849886593805
0.761603052151205	71.7118506653755	12.6939216687781
16.6125359556696	42.8163654835971	0.583012216064619
27.4127232969798	13.4708062342698	55.0048961094603
27.1801427133289	40.7530808079769	4.65709110938808
16.096016027078	39.1669060751642	21.9454403137534
33.5628244716501	9.89030879451442	42.9389729364491
10.7274070432072	41.0790883661616	30.7863709660184
12.1590897497531	14.4081305779555	71.5285735537897
34.6619777077166	40.5346471073733	21.6514948390664
27.5490779092298	27.3874970746168	12.0930124596194
10.8701325072302	56.4792348800596	28.6433363001064
30.2499552863883	15.0210529635758	26.3449502300215
9.85242785413397	21.2717167200855	23.729412175589
22.2455287921454	33.2023881996062	11.0780309937326
1.46404681795465	50.3292562674402	21.4802137676069
53.8620685943691	17.9446875666942	3.26067148859644
15.4192906410523	70.7626297468146	2.09992649131451
18.0238476107008	8.21754145818648	41.2393259542246
14.2617455284399	14.2346273708318	9.39229438518747
34.6657084462539	27.1651958241897	9.70061053973651
31.8470315690371	13.7466125719932	10.4277671363334
8.34286199339799	1.91022525630436	19.6434927730092
59.4297058225748	13.0823616465006	18.2309045075583
12.0565618910159	37.6068658836218	8.72139586541867
9.16029257195084	22.0346123082724	43.938566764788
32.7999712586403	15.0955273374429	15.8645171745981
10.9085946860298	7.00433575874396	71.6628811190198
41.3202964893171	12.8381188553004	4.92418599544288
26.3639387331735	39.9217972717815	29.6435912743414
35.6632976493162	4.53458242329517	23.6008913366128
15.9666191860878	7.817473359321	24.0643434804233
52.7897451318753	34.0017176857226	4.38302830065742
17.1171245710538	3.52639602661431	49.4932143713782
26.211863535555	17.1129836780545	9.51856901381098
1.34848877850384	21.0580791444788	13.4405664696547
3.93294594433761	33.0766768814422	28.739223642619
1.67601564977133	46.6383653444417	15.3093377199533
0.065228156775808	42.468645536559	29.0108514153449
36.5654558113615	14.7811820799397	4.15998925648629
11.5710259469091	1.98062830696843	23.655986657206
41.2337481701904	2.19645812278449	3.37591502041366
58.2301115888311	21.0194998518655	3.39506971807921
66.6036373314465	12.592315726258	1.13978264906434
51.0115430927889	20.6127960330866	27.9108354951771
53.2340065824026	4.46589305273532	38.8834415184722
54.7404707198685	20.9708911930075	0.965946726950792
32.6517125743682	31.3124711771088	5.47382659533705
18.6880271037519	54.453981646548	13.9315860876495
70.6005854395221	8.32621767573348	6.04456803111572
36.7632634177633	7.88031695777565	26.5832607758154
1.44788753308723	13.9049999480625	42.5321859971304
16.7442431751379	1.89716732217798	5.7425683391013
10.2219664539313	7.79923433801124	66.1150868358626
53.9023449895449	44.4951653222065	1.59016097969849
16.0383301861763	42.920864719395	17.9009131239266
5.02840769711342	53.6418603051649	18.9307740511982
8.62618722423268	5.19355875681786	54.1573740328464
52.1306123827261	33.8268408709331	7.48171788057392
2.46899281743401	51.105317031548	35.4566799641851
4.82859332339307	14.2466228987307	61.1332873632821
0.489358697314448	10.3804159492163	38.5282157168389
47.5654515193614	4.44423915093962	43.5584937890798
4.00739778019832	27.9595512561312	47.793840918594
13.0514109102317	16.095525220081	28.3161395361257
2.03140047473433	47.302019059333	19.5802179722023
36.9350014892104	18.9743169206075	33.1852324927157
27.2423125930328	1.97963412011957	40.7249010823317
17.5747935742022	50.8010333640506	20.8876300234756
74.9637891421857	4.5698059744061	8.7332994717794
6.75225351320219	33.2671916732877	49.1397968256566
9.77783422441121	28.7736369430896	10.8212920887495
8.05335790293913	6.06909930057316	0.31631612233646
30.5065740041931	15.7916490993424	1.51619962487193
24.8262741718564	18.5644210868349	16.7116297021097
35.9728011935823	28.5491743723625	19.8620631452008
38.5880262770634	7.73134329716272	43.6291258519651
1.59465442485858	8.60004779351877	37.6441525936332
14.892434941089	27.6720048522912	5.85995409910565
37.3781914531152	8.59825285551988	35.537148283579
11.9490488953651	25.520011841096	25.6276873991022
68.197192981931	9.93062933438021	17.8935164669033
9.63224810996663	3.44060920339106	6.83788792548603
3.37412217789056	25.2444433165921	57.6547670912253
50.4887283083465	7.86139862977965	18.328677312624
11.1749798111501	39.3139310829872	3.5003986225931
10.8448725709901	0.332678342392984	16.388577370154
58.0500470279018	8.16424182065029	29.9382359394516
53.0339085278259	1.85825033199892	38.3757507607228
55.3737187550281	0.330107240160046	38.9812527405942
55.2372347355062	6.38238005637302	28.064829869226
0.539673492563736	6.66104271386799	59.3050340001029
22.6259948791126	22.7373414313129	31.5312984546327
4.85724732505961	20.981041305224	27.081315930505
32.2237180695979	12.6251212845673	33.9252044139082
26.4680099796821	16.6855345092181	13.8143604219958
14.041335933861	36.5360777995251	42.8678808467779
52.0231021344769	30.5131835539421	10.2013885556727
13.3732168997513	24.2028175500235	37.6839273319039
38.5935175412304	17.7721425973681	20.5215527771607
30.6663686552394	11.9818265605633	28.8481334824339
