18.0775102312106	6.49120728787557	65.4326309289004
21.9603196820059	11.1263452149585	13.5548314608423
56.8436858043278	12.188051693229	16.9624539636832
14.8122791735513	12.654776085473	46.474695972388
8.46736440829344	46.8194723347293	37.0030264542452
76.4721420484	3.57550154606602	16.2402327713744
12.2983879001338	6.47395458373891	9.2011437794199
54.2080970267803	9.86931021784866	18.9703839453731
12.6571454166701	4.55590719569284	66.7381112774546
0.722221192308805	87.8642427212858	5.82665792006378
36.077763669229	27.0170370242638	11.2286497425421
13.2778863484403	12.6590616128682	42.1282373564915
60.6638228337578	3.25030009413618	29.4977664619208
12.2351851836942	43.4831557066567	11.1020702920398
22.0262278439599	27.4288806260698	39.5295185221031
42.718827278688	22.7998773207887	14.3579754113955
16.0789128467808	11.1290908936081	53.8450688374439
21.2054166110258	3.83223211571212	37.2201100165118
77.9043102534042	14.1692883866696	3.02024143888626
46.9879412311073	8.57059094522642	29.0938267619786
64.2660808583098	11.8748007397516	21.0894594998516
41.6675481207983	0.893875584422553	51.2908771872944
38.3238937418554	5.37744993594356	26.1775084427453
12.55741511125	1.86917656188327	68.5651116392413
28.6772155802125	12.9893255946177	25.4127123977117
13.5646048996433	1.33889801862598	72.9263934180729
20.4612826558115	1.14195765980611	26.8060109702898
77.9341583037442	3.52048003278695	0.094218971251612
59.3339694940178	8.28187344981445	28.5833623393361
62.7151644615061	22.345172810529	14.2503731484759
60.2093121317259	6.72079017698802	9.13776569493942
23.906245466278	71.0241373027787	4.88165593933391
30.6828381636566	26.1695515020609	3.33269927805881
21.1329296795339	25.5796673826779	43.3970398937338
40.3708233686028	28.1213160735189	23.8644465449566
1.38444155519104	11.7634326739998	7.75174750376108
7.79643836794255	10.5931634132718	36.5575826431427
16.8438894752617	23.4781770144953	54.7368245919872
12.6242571569161	10.8137907510688	43.0488156355213
35.7979978135778	39.8769526462429	2.94713201138523
1.5062989208411	88.760184398275	0.94964192293102
6.32600384127628	30.48679378372	10.115455840768
16.1143688560065	13.2581334622848	13.3253770942452
31.8649040683475	37.3099477669736	19.8026934730833
44.8530480474481	13.215016859218	24.9983373214483
18.449227194511	0.75323428062407	30.9679820812158
24.9827372957872	42.2550040028314	31.5392465477526
5.50150894816104	45.9497011014957	47.5689251663019
37.2668341441391	17.9939592806594	33.8344498695035
8.17862684287998	65.1561647025664	4.50003538490275
10.1807680028401	10.270600351631	35.5970695780577
12.0642117280812	11.600151710026	66.390900763865
24.2696315163139	23.8518416526969	27.541798598851
50.3490878969194	16.0572293754934	31.4570731164222
1.04646505836698	33.4642329409086	7.76217305462909
71.6752126215376	13.1138494764985	5.92431444950603
4.03496613913913	45.8848837511078	30.7791455326505
10.4553280446936	12.3714020999015	0.826086849358905
1.52670638706847	34.960022864379	50.3956226866672
3.88956084097249	8.32947097175264	66.3077034830617
56.2853701209116	5.12207448721029	22.3147695056697
27.0553501448852	17.8330662743342	33.3386304943537
13.9831262705769	29.0001120553352	56.2353401706719
11.9629914462394	15.1030308637316	35.4874086731521
23.9431363641951	12.4623986950435	2.2222738257713
19.2849452697136	62.6568268345002	4.45410586169646
15.0706175784909	50.7557298293131	28.0680970419515
20.4947788829425	20.0745266955693	44.0707584582599
60.9977384381917	3.16809779180591	20.1950941794529
43.3623689894389	3.70106171057609	40.8493594456694
12.8048390675359	78.3726781505964	4.58293576006914
48.8540417276574	2.05388828276372	34.9673152132739
50.7102092032834	12.9881590199602	13.1640904644337
21.4583164646562	21.4245373948591	47.243341778984
4.82832943314143	13.2990448331922	42.4008259747181
40.9886127528682	25.3577105819051	16.8729565184903
9.01062153699371	26.433338283763	27.9739834498493
21.6158600624725	35.0859321351563	24.9832096625973
8.75413339061389	51.6604657525478	32.4883839266786
34.9059288086863	19.7301403711225	30.308222691672
7.47475931768993	2.14425688709331	63.481128804144
23.6820393817881	2.18449700725474	38.7457054754466
8.20045667151011	18.0255249226585	15.4343256333071
21.9873885260836	12.0733066983862	28.7955929193625
12.0312550626841	8.92256275234863	5.45306960374726
19.5444639397526	11.0771772503281	61.4639035712294
2.16724337179551	20.3802575452161	23.4338904840098
19.7770631964212	2.86010084806946	75.9190217479686
4.80629760064478	76.6438628903794	10.6889220935707
9.0790204280424	7.14832931158521	18.7378019181722
60.3943128885675	17.1722441060339	6.32163882549928
31.212067897996	39.3956541267203	24.5792380182907
2.24943379976295	6.10725302533584	31.6911680771462
4.45957384279909	16.6469423177871	57.7070897248141
84.2753364165664	0.904511241663485	8.90098303039604
41.5545014858034	38.329121208903	13.4010570186195
17.2022276638086	12.3202699759604	41.3143498084109
7.36249140806612	3.66213177501323	12.1194256060382
16.4115470910499	6.27308087715557	47.7594256157798
32.6309391915011	1.43990404970939	54.6961800449976
31.007628250405	0.790680572758746	6.04718909880481
85.4650645449129	12.3406017256624	1.81420603851518
30.894605829797	34.2098229724028	17.01007267321
1.21401227135864	0.491678621848896	93.1956861136461
81.9591705137674	1.65662369767978	7.93296592679479
25.5977801632126	33.7021612253516	32.4947153835067
11.5836659034638	41.5639904055577	10.5043462526539
33.9313923539274	41.7625753403467	13.336058991652
26.5129370738347	41.8589119528695	6.44994238691867
86.5161566466634	3.58561454507784	0.907657156189744
26.2980782083692	13.4365389186128	19.6782568095616
19.622973967168	11.0363198495639	61.1617781041012
10.077692247032	17.5141907844293	1.85351693157736
11.3919744321108	57.8615602375295	17.2911793074064
54.2387332088494	33.4592336478919	1.6798045494034
7.91175589333836	49.6408672768813	29.6005079660567
21.2780738814166	19.518537269681	22.482589642742
16.9679513745792	22.6554076758471	14.5487174925156
23.2427741974791	14.1033352884014	56.8489996981104
10.6543520515106	17.0450315890112	16.4905454574574
18.8379371626479	4.09893845398861	26.9352577752132
1.56723274922335	47.2090241719079	20.8296002451468
25.7015803017195	19.3192424342592	0.857924810078891
76.7226769014833	9.6938428979804	2.40832595266789
14.2995016250291	35.3701839853871	19.2519045524541
33.6337755590835	55.8902381248261	8.24739053298132
10.7091265314767	5.55385179144975	78.727961182002
4.42263498176943	5.15619609745042	51.1491946182908
38.6060690221405	38.216345449079	18.140323002888
1.58724286667409	14.6843345438523	37.2981207618947
21.4566844149757	49.8262019594322	11.4473582298715
33.9314008289629	14.148178097861	31.3162502978538
3.3285851140174	47.569963590973	26.5269182280297
21.8928839181982	48.3319922109749	12.3233944700674
0.119865825455573	17.5139919936256	39.7119624259472
29.388745282492	10.1090616127984	10.5688079775166
53.1314469655656	32.1129969005068	14.1280790391043
17.4072218674269	3.9632032178171	77.9031486147564
21.7276821014135	22.8306551104554	39.051243401622
3.203317058833	37.2768693777159	31.7270364760081
1.82401123541594	20.8265038769816	16.980465136925
6.9046625433977	60.8858964689476	13.9762691752875
7.66037819332461	31.9049178305571	15.7033176700134
44.7847761422325	15.8354276864954	29.530677585644
21.9659152543014	6.31167865652204	22.9823580584407
37.3419706417909	9.18653742838024	8.44734847007662
18.2933284520606	2.90378565103923	7.20250164494035
28.7729120481633	24.2698313315724	28.2697170638804
48.56575264063	24.2288137898915	23.3306500238043
58.4784981135644	6.41105110124268	5.70234805611072
15.1124184555898	50.3223669483896	32.6894941426299
13.0266356808257	41.1446419736113	4.55829077612529
22.1083442783488	42.5620587275187	14.1833585753028
1.71599146058596	17.4812743521674	62.6317445014751
86.3758113637454	2.08578277476401	9.17772497477835
66.3643194205893	20.7264275852248	11.456899676219
8.69362769121939	14.9918450112417	11.7200146949478
20.6605916473365	11.3106442202398	23.6633676214439
38.3021095480314	19.1144226673592	4.20383680807605
0.666914368358866	0.375342602085016	8.79760319776721
43.0799306570925	22.3847217030752	17.0776635487926
31.0953140403588	14.2465835969181	41.016843002763
13.3215402780667	14.010409365413	56.2996257824356
1.04170609314074	44.442340798882	7.35659748658379
16.3094115985136	3.17195300160533	27.6854205539848
29.367845705416	25.9298064866708	12.6869567729006
48.1888933331654	11.9195494856311	23.9744062181443
33.7114654172731	0.214960379626118	29.9103151680484
61.8090947912117	8.5176558273461	21.6473262392205
0.119078811313528	0.886427378694726	96.9726526164322
30.1065251371388	8.47595003828218	22.607815229617
53.8172464137046	2.51512737130519	17.0125105497486
21.2704030895934	13.3398367619793	24.4837457893806
23.8438021037	56.3387421222118	16.8249411586788
4.92285727752506	50.1424208051257	14.8690186044523
14.1432630895373	27.779445158215	41.5874026909412
27.5734819600235	24.2502041273984	45.584605469175
63.228329999013	13.0868577924961	21.4361658885312
74.6400636037067	5.20089525040281	9.83796986278052
6.98538418253203	24.668351525752	47.3378399141775
19.6614917924914	14.009424910885	20.4860767910658
39.6059252971811	0.3788331990963	19.383268393289
60.046466933585	8.86438433493692	26.9036320629081
35.6432187071271	54.8462452622346	0.821619760627681
46.2514490570181	12.7397185716497	4.83418074661595
54.3139672159748	22.2107428695125	18.4957548596411
28.5127950965021	24.0093354713215	28.0213123317907
15.8873186055046	10.9037355570606	2.2984017163042
26.7222476316254	32.1518500485233	0.42504952308957
25.487542397104	41.4565312403517	4.84749190735048
4.29172022468025	53.469806235968	2.72551914803941
13.5088455926202	23.5717747004571	26.4245344448949
52.1873700675496	44.4385200014517	0.577277038515209
0.251999311266467	45.2839652752895	24.0856303479921
54.3798665769304	12.4933002574804	17.9960295176115
26.120874158163	31.2216392397981	10.0102795334581
2.91592176208083	6.06096317342527	2.40109907575003
5.56184798738074	15.5699858980114	66.2129122606539
21.6845312722421	1.20934606586087	8.65310281918063
61.4245930972624	3.42902783464129	9.71778771361233
