62.8695332737963	1.04911103893496	29.8209601220772
14.3314095280745	34.8218798333881	16.4487054182443
49.5457369133577	14.1939197733039	26.9157886164802
2.69188629588666	55.6938433813368	3.32932295432748
17.5143940455813	39.0326517815854	39.9762139841803
32.4144303949617	21.7676194020396	5.73116843855529
23.5864656621527	18.1799445851613	18.0030215615421
24.2826159690891	33.5930771350828	34.8221125243335
18.820118354084	5.35630607295609	20.3939753213869
1.03452410597099	4.65929950804417	67.4180144292386
60.3415418231588	20.7316134221533	0.210912665450439
31.4460503083868	4.20681885639523	57.0823767022613
8.33709109962783	39.7228889817944	10.8464569835209
6.63649989601062	1.77220772103044	1.653199829931
18.8923858659772	21.2576901639149	25.3223278677661
4.97945090987694	23.9122303314098	28.5562148916331
39.6905388402243	15.6043110022341	5.32805696377906
4.36319336498305	40.4068878108668	30.4840811670218
58.2902564472939	21.7747386646339	12.3476644569764
42.6317722269482	2.48102792654234	9.95969586538137
64.223169658437	19.0366788390263	11.1018246091445
26.7372552429965	2.27270382562312	66.2157949834204
2.56952666797187	46.4827179193882	1.56084280533755
4.93747326775336	61.0538218454708	6.77214614431008
25.1657824149196	1.29909566664095	57.6804882649707
37.0841646274012	21.2361399648879	21.3059587969007
32.1220075395526	11.2967172224525	51.4190569293774
13.113536458981	22.1642930163836	13.9329249104173
32.5049886631337	34.1764495867195	3.26716676506548
14.8846508073083	49.9892180552656	4.71022082712046
32.3597988730109	34.829170738733	23.814396012488
21.7189467147547	43.1684252541365	32.6571019984116
6.27269740508529	53.4079862541556	7.85612217516458
4.01354748942589	4.60583036979932	12.5044241140152
4.89593744505939	4.50585675635648	21.8059686114108
12.902435154143	40.1479642559532	16.4127474261507
25.3221840715605	13.2989447625815	53.1499893652042
47.1682949211301	44.0394924227332	0.941424444756203
6.98188506391919	17.3906919627407	42.2635869785508
36.0996606927829	6.2311383924592	27.604602895493
15.0373898050922	39.7378415985675	30.5482936699634
20.8645441666546	5.92055009022381	22.7572722932125
7.16680116353873	24.8238682396821	44.7867198590127
70.5342064008742	10.6443203569596	15.0015685777187
44.5225435516436	7.82306455440031	41.6489746149857
29.7886164997651	15.1259460091246	19.4063913633145
15.6796444746105	17.2069630665737	22.3834388993603
63.738842338202	8.34287340209953	4.20811050767457
68.1111693233769	10.3551063734829	18.662079711753
63.6828647757335	10.8241402128824	6.60672704996854
41.3387463620579	9.90826162039687	8.72594607468971
45.5587229903595	5.63782006764683	40.6231170243691
1.71519052317142	58.789468770283	26.4041444875319
15.064526682284	8.48389650158765	49.7311416313663
3.62068130803326	53.4069149537975	17.1387176574854
77.6056393411037	14.9087638197973	2.98413513367257
38.029603817514	2.99363238876389	24.5152401852027
22.5980523147611	39.6127927767172	22.3902152489825
28.5234610682928	62.1039829506092	3.50509374565682
41.4387178334588	21.1435423796734	20.1657287870374
8.35753539966305	18.6641086445489	16.9888489958778
21.9538282239595	34.3228424127786	40.2807898075696
36.1887673084572	0.642710086257528	5.25625325052825
43.1442706580946	10.8547204690309	29.3768479159925
45.5762557897606	0.618737237816088	3.506813199961
22.3977868083854	63.7858263513939	8.87064710672509
3.55228274294747	54.434096931682	5.40913157416933
7.19425524919958	21.91331033684	58.5648443356924
47.4687061493605	6.23443979128936	35.4645290577153
75.3387212638458	7.47753316884746	13.5885861299879
22.1760790898353	54.3238993987087	21.1662906320609
17.7101638716227	13.5136488422349	18.9264154615469
12.957173824756	64.32349703476	11.1070243693455
0.597195234427785	56.5658366571021	39.8253358154676
56.3439114747308	39.1064910400223	2.66483132851535
27.4515484587529	5.10032959519901	33.2701324174507
72.1317708828169	20.534878326829	4.43901620080649
1.32123525315953	61.2466440355622	36.3911962771747
41.3247341948211	5.25981448835685	9.69455684986643
10.8608603528053	49.1062221811648	11.6269654182843
35.1431294042352	45.7559215117972	15.989791935305
54.9724917649163	4.40380852874546	39.3452871774069
21.0439239726606	57.4909716646611	11.3387558662047
30.0435014674643	16.6602689384763	11.2497592397266
24.7518992166742	9.0470507783103	32.5723339023871
20.6103825571995	4.08488437723596	71.7017528003556
34.2854368194404	30.9976359507989	23.2128755297572
32.4051724897722	54.9311208328843	12.3896933684078
22.4043985933086	11.7396521436701	47.0088221817318
51.3732830301734	5.00841601984967	37.6924683981074
4.24056360695537	30.5653983869429	50.5540524379136
37.5030521012391	19.1150007392815	18.7431018421161
3.45919584085196	43.609233872783	41.3187124493153
4.01156344637813	5.70507957865721	66.5054719273492
1.64600815700647	12.4791053647544	5.72090433245567
26.4786755789438	10.7130752926288	55.4718576164319
27.8545639607378	7.59587516430573	6.93969782765009
44.941540409318	4.61765169381055	31.0639233007393
85.0502775912407	5.56649063041736	2.14957520465812
1.08299898034101	10.3204489733653	1.19928903933581
10.7975333048019	55.3123612680064	2.99538164539048
35.3447984602977	3.78910247412934	38.4514672395082
10.9553978829437	1.56580614930289	71.5890760866874
39.2952269591835	10.6755124920399	32.4989160674153
31.2097030837134	44.8163688391523	7.26181962865489
10.775119443785	15.1696886006602	60.7654291022408
2.67293211197151	8.32451000265987	35.3178687558127
12.8374102585192	13.2901732871729	14.7196446613966
3.90195083054805	20.0357525702732	39.959162492286
3.62621527334033	14.0155006731001	77.4372703290718
2.14341683413061	13.0963983075211	37.9708480266718
0.287510920449864	60.4032423628509	32.9852406554787
1.28905107327227	71.0274826600344	7.56814405674494
10.8984059239265	10.1503108209699	6.83779982237043
16.4935936762456	28.3090517056682	1.25130368454908
33.93263380692	1.30561702014209	45.3843122559527
14.4296056658167	33.7761447922216	1.6961944297404
13.4014182786464	14.452286909545	40.4645296467769
68.7661361735156	4.11022640956111	3.66550972855906
44.5020562245054	23.8412609434879	22.20977555132
37.2423594990942	49.684624769578	4.87803514342664
18.1400751779508	4.42686323282629	50.0009661773224
21.4428165096058	31.8125706314168	32.483680514844
11.1062837350677	0.0653073191946872	66.9073967574664
6.981566365334	0.639973115473973	91.7716566434929
49.736663163517	12.6260603836859	4.32822150379802
65.3082790157331	6.39607627242621	18.3438881851471
4.9169633094766	69.0886222147795	21.7130913500269
43.8027798867797	31.3713280630164	23.3755718094183
2.26269681112035	5.8083066278176	71.7158775179255
1.77876600147167	10.7050868266751	0.30008293702271
78.8490351191019	3.80453211432534	4.25562556099874
25.2666020417896	50.0619275262868	15.493290738898
25.5218754641348	5.49659161153091	54.127122952662
20.9409304992021	42.0240138853081	20.6662412363413
38.2820635746615	4.64721969545224	44.5359246547036
19.1881253939067	18.9545561647762	13.2897059495047
50.5982274425208	4.32567154258754	8.03791364097871
22.5103412393994	7.85975139954116	29.4712146415707
53.3456831021913	3.35217593393856	17.6040985703487
30.4486849021393	67.3593313281235	1.22048193645686
27.5073866953642	1.16105871329133	50.6927660436802
54.6218279537847	22.8489717109357	3.95273706128483
12.4100824875804	43.7884224782644	9.38575272885419
67.7719381022136	9.53311352503165	4.67665367977538
14.9185406113595	34.8917497484441	14.7473616128542
13.1963799769042	30.580405998314	0.0350547488942066
10.849065757752	1.09919752045497	11.1374662775255
5.72364069787955	41.1949553718767	43.27778739076
4.97142011531229	4.38627824391531	9.58379325903197
62.1791450596317	1.40036922013404	3.86353777901434
43.2310661967988	51.1188538517425	2.99568688636445
66.9841347108521	0.914952299052362	2.77288165072579
17.5773738965287	8.22495986159191	26.1941277543987
60.697244648215	23.1393838409052	6.83731381168464
75.185843405866	5.472519856632	17.3262493299908
1.0840495587718	31.6522481998672	48.3784960342471
16.7273050717671	78.0211712131375	4.18884065197261
13.6728200193834	4.35781493054601	11.310288035921
33.9069756837129	33.6447833728254	31.6913490331226
10.3749812628957	0.177399162285681	0.251519959537089
16.4577562438593	56.3874171843694	20.5434625598339
5.44963996179851	57.2769905707226	11.9186960216233
61.0735527058474	25.2830684768423	7.54798306503705
30.6866207768613	9.86533570562738	18.9442445146592
59.2956419378964	11.3227522519057	16.6261155235703
25.1051815343579	0.523309922089479	12.701429199754
1.70236853961943	12.9298486807057	76.5581381863719
15.8424241542082	45.9261507941066	11.4861135890177
54.2597715995553	23.6618727090125	9.52010932821786
25.17837743516	2.22624065458134	56.0849829838076
13.5786826785555	21.746749627286	28.8900124043645
55.4763883610612	7.02069867729242	8.17737314299558
28.1670021955702	25.5168777078003	5.9522277237625
5.61782373377021	38.7162704201025	53.952474544734
25.6538794029755	12.7977142635722	38.8556617493069
4.0351426247671	28.5186826849909	19.8682489431781
28.2313404270594	14.758012404087	50.0543289585292
44.6135917420562	9.50559154595509	45.5826845697978
46.2574343412451	22.418828365588	15.3701677524346
23.073881735594	50.269721052735	22.971091383589
14.8102601127747	26.2913392513484	5.95748662294703
17.9202305702121	14.5969098036163	11.4998661500867
20.2329414059561	17.2898293553339	47.4508344882405
37.1657374022369	18.4513456274063	43.5259654855011
6.29126215646568	58.1782889823328	22.4507339868931
19.6098923774482	34.2613150525192	40.5205822272788
1.34393125835058	16.0009617526089	39.2900222629728
54.4361214406957	32.5117062928675	5.44664114967298
12.7899353917641	23.6364073230123	24.5121080076844
13.8846603286847	36.194271145479	29.5080862145443
67.2840631880258	3.67003791205121	22.2841866883841
7.60332742128676	85.2884966345916	4.8832957189918
48.081182990261	41.6461860489315	8.8752989698552
16.5231261013649	26.1997427447698	33.9505318244689
9.4025081533019	12.36017235199	35.3742806405641
32.0746896006515	7.65622211976732	18.8659861771697
44.9805683665818	23.7226794118633	5.39198797447234
74.3834208577794	9.18130120690041	13.1972497856232
3.10195828932429	34.8780863149455	50.0842013163884
