67.4402935744451	24.2954451703911
58.9838189813233	4.77272984794002
52.8506333254513	38.1382535854998
1.5759503941871	61.8896635537453
20.2789839451569	42.4530244630077
42.1618048297995	45.8098652520263
36.4821972029666	37.568857165784
14.7224287571024	77.9471880653627
33.96704110036	46.3120065379478
0.583733199436093	0.189875578596199
56.5305818601188	9.42886197447258
16.0599713754188	63.5362190955953
16.2439019960556	24.7430981252077
9.47333560766342	4.20241789156684
66.3641725975853	11.0161643526592
17.8519507021885	57.8537524015893
2.25739888951993	34.7381400571848
11.9354269988534	33.789939123108
13.110815972607	19.2085651304613
78.7529789278065	11.1377565707722
36.6952539126832	61.3285237743186
43.0646893768873	35.2918498848061
10.4838828139398	60.889861248848
25.8429227517186	45.4122462521364
51.1000186908525	22.5131744623711
27.6058888191385	58.187445140531
15.9632634911515	74.7128657413241
14.0046721389539	44.1557492335121
8.69673826205392	18.5082861308513
19.8315767198017	67.4957184900975
37.386501504754	53.6694016091849
65.29713047915	7.87556213693487
7.74136009055253	15.9022207445941
14.5619785946617	6.94426945734037
5.2777431929846	45.7600407981128
20.1271338947709	58.7572458008105
54.8812890215224	16.4623659646429
47.2939247020026	47.5860209425846
73.7842314288878	15.5084206329232
26.8234996250009	60.335270529769
42.6201272488665	51.204416179659
31.5442802531385	65.3140811553756
24.2270379440054	12.8873072624613
0.0973924063599633	36.4442354237867
48.3916584162003	42.9188634934457
67.4283145309558	24.5216993729219
47.7703344764981	17.7111095365654
49.7540632494511	23.7645777053035
32.7142960078615	30.7250070994371
70.3952157266416	6.97635999274271
27.212965547672	13.0881600608528
52.9472090084791	41.9939817590611
16.3649735582829	10.849689278216
23.2780110665029	35.12139177654
11.9436121135688	12.5579814485079
0.131085421951062	72.7647408250555
21.1577613005218	43.9062153193663
70.3146881285658	14.8197671001869
29.0256155789949	39.3113407955092
61.4198827470745	0.258466275529222
21.3068921218193	41.4152984234576
65.202424891853	10.4181269232268
45.7667029210211	38.8957462920322
44.1044372711817	36.9206451982822
53.1634765459055	43.4581306034038
42.2830959513239	38.9094430668789
2.60681640478168	88.8080806884952
56.4453112689989	27.3839459416382
80.5740990119866	16.1065072827537
24.1595171038804	5.2738227440388
13.8144996547208	70.5283136901112
70.7153298290052	13.6104035254616
70.3564124043828	22.2780306927292
27.7172339277888	22.5104396801956
0.550625566649542	9.70084974993991
1.09508349611195	65.7314434953646
82.4335548944928	9.40710907308716
58.3216472800456	27.997929988428
12.7611280944017	47.8896538018666
3.26166581514369	7.18231979160678
1.53331542459005	72.9292629160589
30.214929827589	42.417087053143
17.54521234778	14.5747693323413
15.5558817161042	14.4586673539405
85.5583265356525	9.53707760644009
7.2794036042315	66.0488979267184
0.849275431059895	49.2793623121825
8.16753432534986	83.7377309257806
7.60354912262575	40.0164678413498
7.59017859007706	0.257987948254676
2.71547860592393	35.4844174978716
55.8940825778498	42.1427189568722
27.1071061618194	25.0001383596101
6.29113302859065	64.8690979764187
7.60772382263454	88.5738187416335
1.93352848381434	67.2629357628817
30.2753515682534	2.54681469059867
16.2096237839244	38.7286057410429
0.149447098443958	26.6679816072192
7.61307012644274	8.32298505507548
17.0861318321368	57.9309759465656
24.8480420675352	42.773208600829
11.8673673886188	39.4388176218787
30.9390301028914	2.49930438701962
37.701821810427	42.364140852524
37.1598736090399	33.6080162011124
27.3844371211643	19.4065249615379
10.5354869787281	15.5828104892666
40.5258316735392	58.7383219780113
65.2273854078853	26.9927873401869
11.3857005310178	22.9770037452583
26.8612383524241	60.7106294765652
55.4032426585458	25.0896146637805
48.0948070288146	24.6011920853523
35.4971728452934	8.21284470530825
28.9033306431506	15.3562196136248
77.1367554446388	2.50841025379878
9.31089804941364	84.7721517015119
22.2223156700946	56.0334805194444
4.00468018092433	39.2093471434011
1.62188736797398	82.563170549722
79.5365953722673	9.95184025259308
36.9072690312319	62.1355078472455
40.5847375004481	4.70490493099434
60.1795678307207	15.4362170097587
27.4933787656451	64.0387303028436
4.29291487871339	86.7845084456655
15.4324228481541	20.8254553474604
21.0849344828562	46.3574338454555
25.2811381711071	38.1429667762215
5.79195884326098	8.27428638389068
68.5536496194795	24.2256878988006
19.0322830896044	27.0415207497038
15.9511796273064	60.8098056916193
74.1194400815849	10.5571407408254
12.1508850772636	71.1270504496652
25.1960801077988	68.8951671444323
15.0334965041995	79.8378874453892
1.29834571913739	40.4004540948199
85.0306477793635	0.743188616234431
66.1803663085123	26.1172746895427
34.1548463023057	64.4578907473282
6.51457561483354	14.3292887203066
36.3472218328841	54.4354837175624
12.0748028215369	18.2938000272465
73.9677833737656	25.6242502600068
1.04831717957198	94.1854465725764
42.0108729703402	15.2079910110719
69.8775237751554	23.1709858510508
44.3767744323131	12.6403174421938
22.5263987307094	27.478476021196
14.7798349218349	8.79413816556061
11.4978873224453	31.9037926066219
16.709193967613	36.0556448046377
45.6830411430835	36.8404549718092
52.1494913157772	17.9992991117757
70.563792190777	5.1528844075058
7.4301266611694	45.6119845368024
9.10032792440631	10.9838604512549
39.6556487957275	3.28066465597631
6.79591270480115	30.5459899038756
1.503559947714	43.1385493572515
8.91505629239374	64.9926723749343
48.5024054294929	26.1325596022106
12.7075921803283	31.2347404338581
60.4908261264166	4.52709961893368
56.9146838304189	9.62695051432911
68.4104058278773	30.5005531900099
24.4736659454525	48.6041835735571
26.9553168802314	34.6991806918286
16.759338656794	40.0116203073466
31.8468706364962	57.952681816161
68.9570783027248	9.01094195852566
9.08424281938199	5.57111981584277
56.6504789780129	14.2511727354728
36.2513836176374	36.1206127498861
51.9540619812692	30.0286982813984
6.07232395842314	52.8993763741569
38.0373554947029	13.8032247376643
9.37322094541659	4.7343302074514
16.8880843636059	31.2038130737859
4.95905787914947	51.4798841678909
20.0289116799966	49.0897293896832
6.62818826112346	91.6226786987962
3.573158990393	6.69628172493367
51.8803578577379	16.0577019285679
32.3284736985008	62.1844432606289
4.87795179005617	31.517053410186
91.8329335711118	0.610497966693015
82.0461899424187	17.7192707628567
55.4155903660765	38.7788624217635
98.1061419463279	0.788366143027491
19.1514104693902	33.2584135389227
83.8097996934363	10.1292172959676
44.643485287504	54.2890662114551
61.8239883621335	9.24637970013841
29.3884362696616	24.7246403827912
29.6440549798515	65.9224945427489
16.9625488188875	11.341997986353
33.410911463858	42.9212017650349
7.80351278735488	83.6802015470714
26.2122391845157	34.6413590175292
16.8006982732567	66.9230094491146
31.4297444333461	19.3140737802321
59.1624873500143	17.624508178618
9.39042615210192	73.3815015635367
0.998621015343173	88.7489832419665
80.5477476588207	18.6477982525936
71.9388071316941	7.80941248303718
29.3212046983285	1.72228352246912
34.4927501094028	54.1912473990541
52.1795106363387	17.6890472032544
41.9225807496917	19.0545295453884
3.13245388825073	7.56444093192203
60.6296618751388	11.5770367959407
44.2254560274191	48.2475524992904
12.5767891819481	32.3065561858502
11.4089985896875	59.7833959198479
2.58702049152321	17.8267021280838
44.9731376697184	31.8857595472996
26.473528717865	69.2917947980071
59.7997027727774	27.4310238787118
23.4093927887312	48.1705314238419
66.6038991262223	12.3396964801195
21.7740237814253	20.7010742838965
11.5537991801062	70.8895095954135
6.00736760814086	59.1206680792946
10.7046305717456	12.608160550058
35.5884453913143	4.3792205417432
51.9414117801662	39.8610860760608
53.6507548548518	2.0714216875245
20.6713834873733	77.6605179429336
52.0603067949695	23.4897997339674
45.4870621885578	16.1346968338521
7.71695496873788	0.211712299013376
7.9810268282802	6.15589302319842
78.1780004865388	2.94641885112339
65.1534424932457	23.9780114609646
2.94135213035222	88.4654145168445
54.6369971961887	14.8437313338945
58.6889416252677	19.7026020939008
0.029690796523211	33.8932812371726
59.9259947705669	16.3017864414965
7.06036128432507	87.2148308377782
67.1210983615001	19.4537485574622
33.4386767043912	8.44410774691222
61.6830855895221	22.9999979133718
19.3156492520662	73.1791199525721
13.2577600484983	76.4301927184827
74.7191658125814	22.498100308002
