15.2435061592811	21.1830685013826
46.4761321183649	33.353479780887
11.6306444218525	19.0907456535337
11.4163816028351	62.074002466199
84.3767443599071	14.491313097296
4.61129029496167	37.8051171255322
83.3027552735539	7.15815765185196
33.2126973817184	15.4029293988845
2.79232938903958	91.2221750669285
55.8779252953259	26.8412041602848
6.01299307589093	91.4233498235342
28.308379989261	55.7663573211834
25.0196898938248	45.2285556333272
33.0646643569063	18.4085307728539
19.8172941896214	49.5676012474893
67.3242000245136	0.360631570387926
13.3412047351437	80.0431936886363
9.38993632299357	11.3689795655054
43.1492510918292	24.2100321800495
62.5408343330682	29.2978149509513
64.6994708407202	27.5414693297546
8.48750379331759	10.6493696619986
33.6489724617679	9.71626565312793
5.82642145726197	60.1561730542016
17.4638102378062	62.2717882796525
35.8386193103337	52.5776097330161
12.1047059596072	25.0831190613486
20.801194254682	3.76684940595499
66.71165910862	4.38359775784593
5.63986581081518	52.2044920605628
39.7629239315926	44.6439283642191
3.02370530693964	67.8971494398532
39.0993120330848	1.25088892004028
23.8070215675081	20.9422167953766
3.48496395325519	63.511007588129
74.810750351665	10.3170051287473
60.8817760184788	8.5658534004194
88.9150713984459	2.05957205130699
6.44711312206793	23.1786213923146
32.1517265551499	65.507908801319
32.0270920787133	3.52325234726223
15.6538439521817	13.0802124799603
12.8146858014235	67.4607775953881
22.0594137544089	52.9040448148288
12.1253944524216	63.960267912578
33.4559420279488	58.1458057082006
15.4685263594	81.4373562491673
12.4922018090692	37.5157965056206
35.8700573611399	50.9734880882192
45.6184816759166	44.9948727828427
85.5970449678586	10.7268090875479
52.7894630808334	22.605939266554
11.053226939893	28.0140195172345
13.3144546827834	32.9215068523407
7.05618053071954	63.9842291660533
23.4039226190205	66.1113551194367
3.24402256088519	75.024045945622
74.931208032617	5.29044871464858
28.6478931683339	24.1319792923201
8.38317824917993	25.7518546310029
24.2013418228372	2.94855050879929
13.1151229669876	44.8298530861874
67.7727004828736	31.3909642078872
38.4524226367718	1.96282239722219
18.9770391299282	54.492842198579
57.9902988197237	1.76573181607096
1.22137325872731	20.6135536174353
57.7281768702567	29.216721155316
60.3422754259511	14.0854369448896
30.8975087622635	58.4141694746978
77.432274994176	7.63221681473414
37.517748231775	31.3718916994389
1.58252096808633	69.6765436649679
39.7487322053633	27.4853122082936
82.5653885410006	14.0756575456241
44.9582516890756	42.1515757414287
73.6627873376304	9.2357014814558
41.6205469712711	4.89160218503867
0.113528873824295	27.7948074172227
63.4100119412923	25.0821551424834
19.031032649349	16.1921285168231
15.6969257237841	57.9820562889716
8.62234896450413	43.6525193246326
69.127185255814	12.2277375833261
76.1755604185982	19.0513241659158
8.05388167875534	35.9365721400532
25.8005940941165	60.9327852544062
28.0559966936968	55.588858460816
74.0415220959305	11.9539247881407
50.6656456043318	17.1733748713384
77.9035921571327	10.5633976918475
44.701789293765	26.0282060252634
26.4491872985145	23.849566431646
67.9626140128647	30.0102680129978
22.2745103399616	67.1892046309957
51.6192469986245	42.0872349953685
42.808228192296	25.571971771108
24.557487910873	3.31519832988977
12.14037719748	26.6842131627184
88.1361318231263	2.08486723810661
20.4930374959917	3.74300093564345
34.3241454261933	65.6121627267507
98.6493612167655	0.668244017599264
8.8369746733629	1.95102766247048
60.3346777895161	24.2595180516408
37.8920742021371	35.202343685181
61.1126454365964	22.7061863628711
32.2142631896838	42.5290732376878
37.023394292697	52.4866940698059
17.8106616334108	61.2374013574968
67.7377001232177	9.29702301942605
28.8240785844736	42.1399841746967
16.7349970977451	22.6064602484025
10.3450270883483	84.4415408486694
56.6119040160495	27.2693397604252
4.48433379851483	59.7357515989504
64.2433667388947	13.9814796456981
61.405672114997	10.6227344417119
52.9419179786658	26.775338746037
8.96164197892027	67.2287263754889
18.8179420394906	11.4057413821135
2.58438559369388	30.6042087872532
1.74322174943202	69.080729628485
10.8539672618983	50.9983447617844
10.5050995529187	12.7802598349658
6.83292509374811	4.89828647342431
41.4794560249334	23.4467156806247
1.83397261511254	38.7681906757728
17.405664928912	28.9910661657299
29.6407769106518	52.1416216865841
94.5665257491947	4.33943765439998
20.2153808531423	22.3793831758105
26.409525110577	29.268532446245
25.032116996605	10.2171335882587
16.4794547560063	31.6525545584283
23.7712836935051	47.9714093021915
18.4244730595613	70.3193831119311
78.5046983410161	9.0700251092529
21.8394129173082	62.9750310736592
13.5710781503334	65.7378907155888
33.5926798328723	46.4354745328592
33.5567301761157	15.010263265581
7.10134189906593	81.2365671066738
31.6445300037249	66.6550732062455
74.3821229666388	2.12901732983488
28.370337993079	46.5951164470032
43.8746848347945	17.3395000013241
7.42911952893674	62.0570859229458
24.3706173842636	45.3667111440407
37.223368760768	7.18056219964314
32.6179977192627	43.9325513057097
24.5512126593623	73.6353943932966
2.05598292036726	27.1554921880157
38.6748531082062	11.8496251347706
34.6879021426141	19.7103955874734
22.5403498031853	23.6717061249873
37.1012689252856	47.8395694623886
5.23798261081706	83.0962839923316
73.807447577737	25.691056915415
6.34528599043623	88.6313249769766
64.9056485690668	33.2541190708308
61.2018977111214	0.483710272462904
37.7806682315565	1.21484580506331
11.221144633005	32.0250597000239
1.94257958882608	49.5217137269311
15.2603326902074	34.7893707616205
27.1857561204516	34.3904778521464
5.50433914433436	46.0565771656374
7.11024403903179	86.0887236362736
11.5218046174952	82.6144935016588
13.2274775827431	39.755577798819
31.3115394820047	7.75966057915225
69.4437377943861	26.4125269495009
0.655763456903288	61.4157422266043
74.0290896846117	15.1470050286255
26.5207205556895	36.5950206930726
32.9139769230569	50.2305053874061
89.8933761706079	1.21768168230433
10.6502973989818	13.6857932497215
77.6465743676045	18.6131737747291
27.6791267225887	13.739223179286
90.1906052092978	0.19036936582549
56.536124905821	11.2359971326012
11.395989782827	51.2019821681091
78.9874547528976	13.0510289748437
53.1747467132168	35.9438154082484
20.4113692605921	12.7736519615975
30.1130862115478	50.830564019657
19.6545537187041	60.7719592101741
15.7946920095918	29.6682313688417
30.0407855445709	16.1266288329505
2.28980346689457	3.78592931841776
79.7790001052334	10.0950212730537
0.427161995520425	27.1597607653401
22.6551587333228	74.3743990894288
28.5175850282039	32.1228966266489
23.2985315487248	37.5572694640408
81.9690103558679	12.9786515668866
14.8764995927347	65.517540818787
2.34382860471673	41.5694968502826
26.3520638115481	16.9783472162571
66.7075758179219	29.0677095433081
10.5587885298574	7.32097709892363
13.1160613210481	37.3742760333113
45.1907504094722	23.6648293787915
7.15661035252577	37.8602496524622
29.7790680219322	19.9222477245714
57.908292048568	6.3201843324677
15.2234203718712	0.901682302775645
32.4739458656283	25.8065862235644
53.0222617802314	13.3071645690627
20.1505542826609	8.81232154034652
39.9326301365777	43.0445635891727
6.41955868639963	86.7387431146292
47.3040425438918	0.463648885704413
21.2349847523658	68.1219390910687
42.4978768650898	9.00216973805901
7.67309065334177	70.9292602124295
48.3164430355264	33.6426413309028
0.690590590560152	21.6673563801066
1.7962832943519	38.3018728058328
3.19391237720564	27.2481998555587
16.6997480749617	69.1439033807926
17.3291316336622	57.7121705551223
10.7669520241986	26.1169284703754
30.0172879500395	44.6604906789309
24.3187783399219	38.4147382054547
69.1329769180775	15.295766953051
87.8129782098406	5.04154740136189
8.07642257217151	25.4928910292186
8.83240127415974	72.0892055295823
43.4282477215995	21.0682431799677
47.0353540252127	23.1011581714736
11.3618426077821	0.756792538220432
7.32133477335858	40.1614135783917
22.5426428590634	75.408201373838
4.33822474644437	74.7278572408147
28.8638929039537	5.92056652806726
11.9128916933727	43.0936528104794
30.0630529551129	57.3868285666159
67.3148526657908	8.37401803972852
40.1574002765852	22.0341102322722
16.5462785011839	1.40398112191073
52.4474690446851	39.6174835225649
14.7550858625933	29.2604954118191
37.3391559055723	17.100765144965
9.55084530150092	63.2124103900103
37.6796208497508	60.7352381854948
21.95196869874	70.9583991537608
13.5799993358459	65.7387484636804
