19.0741193103949	32.2311183587793
21.2488713773195	6.10785223828063
70.3863969400462	17.9854169106043
56.0825865976897	4.74781464075102
46.846609910413	36.0197013411763
6.37690211011884	1.54698845071112
49.5223310541	29.1321203248259
5.54172904488711	26.6756234349104
5.74673940695205	10.5349291165056
43.343444887243	56.031788818553
59.4079312679395	37.7364934132139
84.4330916108718	12.0777566042159
67.3184525535062	13.3208566407305
2.19521038336456	43.2760058638062
15.3685612209926	5.87410591816255
0.566123193393519	43.7107735051358
12.2386775036523	70.8338131526642
36.6898125208401	0.0507977791367088
37.3066531667982	41.4787132486136
17.1138968398394	37.444574449884
34.2899737107986	31.3491894543866
3.49105326621377	69.8430708003431
74.3436699613667	18.2999387003015
11.5116334108224	51.1313731088915
76.6310441198903	15.86080785648
31.9967047460362	41.7080452859905
5.96935269700799	10.8532402249301
15.419730690969	77.9543902156662
12.0974228308058	84.0193717666061
9.09290332770576	8.62849308579624
96.1804071423506	1.76397371187991
6.89368294872981	86.8065613726184
21.0070230630259	59.2081785012075
83.1448713704687	12.2905991563064
2.51095979591411	79.4222311486594
87.1956905756126	0.296563189614826
37.8463660543069	30.6041897882727
2.88020800933252	85.9857399882682
27.7083688544614	3.12913153466262
13.6104986134965	28.9388222288987
10.2721350781024	8.55016173261691
82.0040295282398	5.87667380733261
13.2696071235787	81.5066879994733
71.7294815330438	2.52476967988758
60.7216719820731	33.43952257812
48.734535439282	38.1454846068032
16.1597563029079	52.7217076405518
1.39433103678484	36.9809305001893
10.7056067375027	8.53187526042195
10.5423095685161	76.6128884985172
25.8898364500561	58.539874739265
39.4332137142463	55.0059019844075
0.447867531537948	19.4374737885955
76.5548756236932	13.3470967939808
1.05904471178495	49.6869941007751
0.779969804352135	94.2688462763414
54.3945960953807	37.297945812949
27.5444911921138	59.8427506908042
98.0907334005883	1.74025981768046
10.3656333919455	36.6567186250615
55.6168515494172	13.1896067937788
12.3769390454408	85.7719731916543
61.5145037702818	25.5067352789951
63.9987950976932	28.7054319068349
30.9953835471512	30.3050799436425
39.2322008680702	1.58809968344313
54.0048987390496	3.99790303967795
5.79298283243225	67.8487749620568
58.3173800997051	39.8981569986316
37.3100550553343	15.0079966126978
0.262537412467663	60.6659626405062
34.8609727504016	36.727143142711
45.9509739400591	37.1212696363783
8.91300780182379	56.3133549673079
54.4964325868042	36.1095173918221
19.7137524465629	9.97592625672739
21.6991185777351	76.1293571796871
73.6440350178834	11.8065521176004
65.6267582744485	28.9576276340325
48.2870304716225	20.7908252350943
67.9296937156141	2.88786357403168
66.7271269330416	17.2777555963387
10.8033611023814	77.2115845127085
21.8978010219977	21.1961104633268
5.67521467137859	55.2381959535359
6.09498881087405	43.9491824451597
6.16953005370196	63.4908113458617
41.3246431580394	41.8576864720591
14.6452187163035	58.7316155707145
45.3317662912103	14.1877796566988
63.4772346184949	29.0015874565586
24.9890477978573	53.2365956125951
69.3823904587805	25.4396281789241
46.7132396282224	42.5021679338544
78.5209876850811	10.1532236720218
70.481908959561	23.7690718023894
88.2426448577282	7.99551136232703
42.1253913744005	52.4386190587835
21.4533673233601	17.9728062441446
83.963997980563	9.85382432576913
88.2774730624061	9.1745853932456
58.5196784969976	1.21997599546796
6.60297144511853	57.539921373846
52.6213045477035	27.440780414008
4.79022683798812	22.9003952457106
12.4592880310767	18.015523449525
14.7038135746046	54.9389672255791
41.7359735545404	23.9600266441517
16.0448027849406	54.5968939804458
28.6246249585527	6.81178863477511
5.54968384352964	28.182105546902
19.718038299921	62.7714039118827
77.8978763045268	4.39486489835887
11.5687514709163	40.9054153789326
5.06359748778101	61.7951970835194
37.2792081615325	3.9227845165519
65.2590120980791	1.12021043948839
49.5429041094812	0.395361939629243
11.3316437747942	71.5538726521441
19.6112576497771	35.7576917092119
33.510476412955	43.7544867600102
51.5583841835886	19.1184344324835
67.1156567368264	7.64596695436443
50.2887057374645	34.430863444894
6.98031345707379	4.66823554815177
9.67659363973727	63.9844153840022
26.0144521137767	53.9559471672196
22.4216028686713	25.7555466265211
1.21128335651536	30.4244696769977
33.2797052028029	3.68567682042982
3.2438083101268	26.1354110325386
19.4704025608815	76.7537714805239
28.7773782521381	28.8422408648032
93.2909334512851	4.53347563954698
51.374014910019	24.6202278996912
9.54857743789841	16.0042204037328
49.247538274735	24.5331591109434
44.5140128231207	49.2606806332528
0.723942136729109	38.7674931617302
66.429603968947	13.637314556929
37.3204873582909	20.1199956331961
7.75697650749095	23.9512587077689
89.9535564193286	3.46618215714869
71.288838456985	8.75597144884801
33.0757574797961	49.1514828750638
43.0599559764657	43.843301685454
51.474322402605	4.74781040323331
23.5641654224899	70.865008687072
58.1035551419964	19.5822655314497
39.2353564217851	51.2685347121528
39.0208999808044	48.8523116097098
11.675791354699	8.56165010880756
20.2209033631817	41.047830665972
19.8920514527206	46.97241273102
43.0387168391788	48.5024076646671
81.3137826422759	9.03022406111947
18.3395833793746	61.4113850339369
64.7256174891841	17.2781210938832
68.6456732305911	3.00916610425765
0.387093285278926	89.4058627027114
14.5536489852488	19.1724721431604
43.0052427775251	24.0067523084612
35.4293994304861	19.8426751512302
50.6524163068516	32.3785485850547
12.9861780502769	6.1851758073015
7.49215698218539	82.8775937123585
67.7515608108377	24.5141073709885
28.9305795118821	2.01212531049369
27.8262918478932	19.9267636611717
49.0049069509864	45.7581707489482
48.4652183244309	22.2699286519875
94.0080011235587	1.0484312200213
32.8253766209005	0.0493763014904113
1.53806707893408	35.4619896670161
18.1534071537449	23.795340593809
33.1221293346594	9.82698225873848
23.5623143257398	71.4804231056387
34.4123753879277	45.4816321588501
30.5061062474298	27.8821482918608
3.96953742204678	20.0197278149518
80.2717562673016	17.1661235937691
84.4105340467815	14.3386947989178
2.93000242809299	46.5090356983752
17.8583267228018	24.6698777306219
71.3432607107532	6.46806042942594
27.2865266200558	68.2882223130615
51.5662925092346	30.0576439732954
1.04961427908838	48.178192064249
9.70540387076577	60.4653932901404
64.5956958479228	3.52931926191287
35.0319571490548	33.3470245047226
43.5235843265073	44.4134472610492
10.2163512772957	15.3664757103503
57.3490897926265	2.93396795305143
45.0188836292452	26.3655797235507
53.6220963828369	9.74249765730579
62.7724022896832	19.8350042662746
15.8439778330941	18.6798044101707
81.1462934041146	16.2769105361201
29.1439243728034	24.3525586670044
23.2693386838163	25.2007127856839
3.92650570903276	67.094218855302
15.4678888225313	49.7448422246356
52.5940734206671	21.8468749531763
28.5962042531912	68.5143638255607
41.9602259257623	0.562102580704774
43.3994566758161	5.18046128804817
3.38271157973572	42.9393062567987
30.5046915218722	63.8073337561485
60.9999105152674	7.32475342570094
36.6201874970552	3.36440312832799
34.3789230726561	46.7220063538859
1.24106649367188	15.0223839166678
0.0673807692096479	97.1947530737122
6.77130357677643	46.889500947152
27.2407637104582	21.4136588952568
7.06029082977226	0.827483972919865
14.370835905136	29.5473662808292
3.24972733075252	91.1405069246611
7.25737265649129	65.5161592948791
6.18501212735894	44.602933546809
19.4812426434277	58.8777999667813
60.742342220965	5.31835290850995
38.4506049279359	42.3727150272451
23.9693952370292	20.5223403035301
77.4098887468734	8.92687384454854
50.9033263898004	34.0350553086191
53.0598424622136	8.81906333790117
25.2841015464087	50.5954410650746
14.2707473664874	29.3421323547802
8.39108848403724	31.8723443578334
10.0661236374016	44.3719273639712
20.2978912835465	62.0088861612644
49.909722735132	22.1191729521934
14.6128329050787	54.066194991612
19.3188320004003	68.8858015783531
24.5897472484921	2.70077292933165
56.2561922037304	42.2191203768454
13.5553844336213	72.3794005216935
13.9924285998533	54.2014928787022
10.4562166661286	33.0379613829022
22.0411492614267	64.5485368857852
58.9093406027692	3.16492859421527
23.2829085659622	40.4629750831346
54.3891901869277	22.7239481279272
50.4490703579267	41.1803220590485
19.7821801154791	17.5971183542149
32.255113372698	7.69060235828655
8.56378851857213	54.933131977419
8.91563757737895	30.8243674835304
