0.0466462224939122	68.8663970534068
24.7157415955866	39.5891406292045
35.064518142056	11.1971994914101
6.98964698565642	25.0870335498299
87.0340221966775	0.45058107955874
80.1123957988398	14.0275851423049
48.785460297384	4.68647456946153
12.5021488463982	67.1734499126549
11.2775605224434	38.8881057216265
16.8767096553355	37.814664485778
21.1755943583211	29.6501311145956
0.762069225666145	22.8491907114392
7.19800405539479	34.6139370624972
17.0052484222712	79.4723689926194
89.991367184553	2.02089725156356
25.0844213297052	68.9964144346287
38.1007010294593	56.0274849906692
81.1891304707104	5.06934039530779
47.6875776181405	50.4622646842442
16.8315146662442	75.4549374689604
28.4056897873085	25.0940299709765
14.6951073849085	76.515102515237
16.558579735718	28.3203557731213
15.7830827477309	31.3371169061107
21.3088368164882	42.121481868495
17.5645888399168	13.1420114604486
22.0705714179532	6.98848194768116
24.386708310054	3.24811455944931
6.45658104049814	37.9673009915125
45.2708689241069	34.6416446075969
55.8516248389388	18.9486083197168
34.0787821608031	41.0682580159364
60.7320197675061	34.648015505936
22.1968975952812	32.4682214914207
43.0775379496988	46.3600759144687
68.3792184891082	13.3104651762687
21.8637747326231	3.40885431664477
42.0665628472653	10.799271897785
5.59014934375423	29.0534299467939
33.3535575928882	49.8150609199959
15.7704033962313	12.8026474326861
54.6766105828232	4.29763286574634
33.7925070122781	19.7759207430184
41.6018326494851	21.6668215681179
39.4619303007899	50.7536309076257
21.0346973599096	62.0660131154889
66.6473841604997	30.6699278441583
0.702678645356874	63.8975453394919
57.0124747962749	28.4726031722839
10.4014467496432	73.7655907747176
65.7822071880951	9.29448120728809
17.2939394681221	32.3428743669497
25.342200987666	59.8640026337765
62.7634459467435	13.1292294772012
25.4834732625091	46.199453271087
40.3521841579826	47.2691065851921
12.7311802528478	31.7851877919329
5.67293139438747	91.4081974380688
30.6948792332294	35.9055068511076
73.4565415761697	8.61917334078773
43.3189488217789	45.8979561673002
32.7612697299389	55.2955765534637
46.5310352605446	42.1034123013278
32.983094608869	53.1079849941227
53.9019599807923	16.8486221306252
52.2524934971018	45.8138708238555
5.36182453174229	80.1346975751848
51.7685357722307	18.1583404159911
58.8305591879555	2.50275163096504
69.9536458914884	21.2458812730601
48.2227836028779	32.1358986814208
24.4733780736445	54.1442726059557
2.88050444930815	94.4542279906823
65.8160653271787	16.4725215716625
63.064963586193	31.0121057699491
39.3043423254529	13.8462571026041
22.2221750403858	11.5153884568789
7.07279295058585	71.7858157454924
7.57430866713371	39.1832536268901
61.9829655913557	17.6259241614611
14.3186322480061	35.2960142005682
29.5915077578237	21.0099153318489
57.6255894534409	3.39215463185318
58.180917686867	17.2106778329288
50.8869237969103	36.0636753663717
13.8847444736793	77.7198960435204
7.38683101133762	90.0625748047896
49.3829862910244	34.3109604596677
58.9871825925015	23.8817099593029
64.4120998514872	30.4963416561933
19.7263006212778	18.8300204085326
48.9464026172396	46.548202143306
25.2985091532108	72.5075845012942
36.9628167417659	20.2883826663198
26.5681809403785	5.13518993050567
44.4049720393517	34.2992077275641
36.4260526077943	12.974946020625
31.1710021603717	65.255499149326
10.9905606652566	87.4765492917395
27.7957093565705	5.04051740516001
58.7060543981875	0.288553349808116
39.4893007071173	14.5911106907721
74.4250483691809	19.0352630424477
0.85590253623943	74.1332746921728
15.3771999829343	76.2443397083526
19.5937539542065	56.0328469872628
5.21239247415792	88.2967106012146
9.91598945572786	78.6746486922142
35.716006921472	28.1490118839541
20.5998112077824	55.178745815148
10.5596077677606	81.8622420457482
1.84004865672442	55.7451634927397
37.3649297921755	49.0966768232624
32.5163322652301	34.746220956904
17.9202516181023	17.0641577416398
16.0052091423446	35.9739181287465
5.30585353509796	2.50678346609081
20.4464814255231	17.4966256215687
59.6574484648451	31.5352879611474
45.4732392195022	8.49454705998979
8.89150295820623	33.2901447700756
8.79689464755212	56.1157156508955
10.2287602658517	68.1150789224147
49.87289228005	14.0801077774168
29.4124451137206	40.1502639707878
16.6265268421855	12.0778791662668
8.17265478343361	82.715064372269
1.35309752139873	34.5652336881334
93.7098888185387	2.53030522844303
14.6563355879189	61.048073117178
15.0582903600569	12.6849977824301
25.1206135959926	68.9075704053545
10.3255618877362	45.5773406874283
2.12284284742681	5.32297524871443
17.0048689083219	67.8661063163849
96.0885385033155	0.803055707739226
83.2727955576371	15.3076585919166
20.3702189588781	26.8821398852775
37.6709541481319	26.4729238238525
61.9923162097076	29.5114318046306
14.7111896959651	29.1115134158691
50.7009709490002	40.8158972583785
44.0457592457746	17.2030483452617
41.4970452624825	23.7408537528202
30.8279140995945	27.6411691809265
33.1073868708254	52.1966373790971
11.8481221198328	54.7982040116555
18.4734555047347	4.33439915270284
8.38222005794859	19.6358756719324
34.8565179085622	23.3793456216247
12.1709501893124	32.1657025870707
2.8690286925384	38.6835096118429
3.15547441279305	66.9744129138879
4.30431007608041	58.9839615668095
2.02631517407778	52.8099715024279
28.9677751385457	21.9402332892363
5.87301459436911	33.1066979715166
15.5442642120385	35.2162085637526
60.1613853872574	1.82777610692558
63.0697527728368	11.8800566587039
26.2286821036733	68.9098381292586
49.0411629663041	44.8737092059449
56.6260190478647	33.1644327534197
20.8263724673662	1.44362594068219
26.0878989594467	29.6672736898378
36.161576042027	50.5965160441569
4.63865329727468	42.6771939465204
23.1392453998044	67.9392658490405
6.81302752663057	2.47653396915483
7.1155885733271	42.8656217376076
34.7540658129165	33.1164770448191
53.1651919955226	1.58024928606127
12.2803255041504	14.1006382713563
75.7184806166768	17.5056826870449
40.0437329616601	59.5761537829303
38.0606816793143	48.0173599664203
63.5752851439525	20.7976956017305
66.6895601277657	15.2757740650679
24.4698847757978	45.7315248184519
1.13334544055785	72.4913227243774
4.12559900624938	6.84872456213866
9.57254763207051	4.18275771857368
57.4820052168714	9.03860712844813
26.7366568216759	62.5117297109737
68.8452922128352	5.0205457047655
30.2956174268833	68.3612734863354
46.0333842532865	23.4289793872409
34.2146435911835	12.3069507127194
46.6597376608568	34.3195747743918
53.6449542053253	30.0083523290271
56.9003973886838	41.1371538607111
16.3723372464871	26.867170085603
42.9835682935005	35.8609752430865
2.09414856605891	62.2460247307299
21.2807031447444	1.06355543297881
60.6878527722731	36.4389382938104
46.4304818522327	19.4493390710323
5.41888363911718	82.913043481723
4.2857093290825	32.7720719542224
57.5230200577169	23.1624304424796
61.6275289848575	9.56712500637729
5.61133232228986	18.9726889687463
73.2375686397951	16.6399588420242
37.5661773316405	11.4228319429899
62.036977411265	4.45166593624822
2.14827624249657	33.1510881582047
51.6190979404464	10.2207993670464
25.117701536565	34.195615134293
24.5894686899099	73.9873539069609
0.409231614512034	65.8345251185049
0.618495745872378	90.4194637157114
34.3092587936247	24.5523986520955
63.2013696540154	17.8136629601073
45.0260607269714	35.0076499092428
57.4123616597673	0.967217702868962
45.6464989789047	47.3022206906705
16.2307272275122	71.7316522131356
26.6344526440997	16.3190060371156
26.1137107508787	12.5631715229541
2.36163232585491	77.595877590401
37.6988650475158	9.90393413691965
82.5692000717712	0.615327898699477
19.202878102289	10.6221842629007
0.0714723952447401	31.035734494699
55.6352406533599	3.80980684599364
5.97004024589902	93.4516395877356
1.58293573259513	73.2944085138358
8.37319726514313	41.0933556226517
87.4254150257564	0.952465786110827
1.78412776523462	35.742564841985
0.282790977639515	41.2441874580664
70.4344252452415	5.60854296461145
71.9851808026364	8.90999273811932
25.1823147410445	73.8706203521558
48.7687440350506	3.71421775953575
31.8103082160513	32.7607119608488
30.7529435170595	14.3910531952936
26.7938973041223	11.6306684034088
29.3772738563722	3.89697803365857
14.7734663518022	78.0880028279908
3.12964106124343	95.9743927679837
21.9270514426413	5.18372957836079
14.4569853388038	78.5154222876371
60.7748331785085	30.5175386976998
12.6025174803112	28.3844678794893
49.6956083223669	37.6737132843927
37.8078074370547	51.9186260886111
36.8273928001651	60.3545123992276
10.8440758710932	68.9932133392399
18.3037266220449	44.6813469495072
