32.8563557159418	36.7204648147898
51.9276793356648	29.5257597367865
16.1809438449242	74.3726444776974
38.8431254489548	22.9618251430624
4.23540524404282	92.3694047110013
2.96129221234531	55.7708652949756
28.9688532375586	42.3554612055214
17.2472006255981	63.6249269189429
6.65475372534932	39.2945102598958
6.39703604690593	86.759187274966
4.57454715137116	82.4323532555403
37.8385074147203	46.6187853117561
21.0469255787539	69.7652812906379
17.7878222976755	38.0853982819642
20.1880442072582	29.6693775009687
27.3927421902273	69.2314287969989
22.8710060114372	24.2825438847218
34.0534974048163	2.54553342356604
6.11499436484417	50.2748705215169
54.530897296281	27.0399339157343
49.1677771085723	3.10180150116878
2.95090652208352	69.0704113194115
16.4620540647125	13.9156878059337
18.2475846811419	36.631754756268
21.9229520400627	49.9465266475205
0.751097314409491	68.6070786177214
8.32819296434903	0.0973143615281742
14.7160873351228	20.2829656751281
40.5632450899869	44.9553598393478
1.91779574468629	62.2533083251926
52.7693747322864	24.3749045414733
9.35568144049294	81.2944266858019
33.5741684462755	63.5529286524062
4.55684140536787	94.8929276759238
18.7117409513852	49.0704627470441
43.2254668060809	53.3552191003017
19.1466614693155	19.5740517319991
1.01333423564831	73.2922248417941
21.3973707619111	78.2234765953494
53.6444445390461	28.6317864100597
48.1866986715173	30.4839621439967
48.0287309028342	38.4977889892169
15.837703885435	83.9532884228757
22.5024556845904	28.4232018647823
69.6148914143512	29.3105653157973
48.2135230899851	48.5625766443846
43.1066468558771	33.1953230002873
25.1753040706624	46.6995171023065
9.90848411336005	75.9250549953082
46.7062290044065	4.00385800935508
26.5396717593724	36.8426794357797
58.3288298260089	30.4192587874919
51.9110359493229	14.8022649412985
3.67733342744286	92.0868054461138
6.1873291647934	13.7972861126984
52.3988299781451	4.30249404362519
72.531359629953	16.4061059320374
39.4551706684079	32.7722119785716
59.2244505226726	37.2776949020464
0.393943395649057	33.4112581486866
54.8605434386342	6.39982912987463
5.95243219563385	45.7988632590505
38.2661944899085	50.8245096778611
21.7334189553435	27.0735175009228
75.9804681762962	14.2867140072802
15.0062932237081	62.1513146265183
64.1754580960495	10.8367848726161
76.6899486895138	12.9791210931629
60.0578685570778	12.3816531674851
45.54737389346	38.2426287691307
10.7537852184632	63.0013470831333
40.0830964744478	44.8559283022098
1.45699423805671	93.9421714255317
7.61240753699672	65.0473429193009
31.5578194947717	57.2451471617656
20.4510854186728	2.53404090298994
17.3860520205396	74.8854029341067
12.5879211409893	16.9789103404521
29.9137464863778	38.8604503771572
27.1485181186108	0.691445591250176
31.2005964718762	54.469074567067
95.0228803302268	3.32330013780077
5.69328232933454	29.1794838519671
75.1673753257689	15.7179630900351
17.0114019499213	47.8282322398518
53.2679214855972	40.7239963955823
0.0547069125132202	9.31652789437982
37.8988248006901	30.8663739035215
20.4595126306915	0.785705959790249
19.1555274739654	17.8675040685886
23.9582081902578	27.392478812203
2.24408204771768	13.8030235719881
33.1671680478226	31.8474475442653
8.73430055041532	86.5002721950879
0.50953235500936	71.8255916013502
13.2496900452532	37.8518363171498
55.3792900663704	13.3954149267615
10.0239563780017	71.694075023613
28.3422343564882	48.147301305154
55.6674820630194	26.6774751370202
7.55682834775971	68.2072593682479
0.582227343964496	51.3985526056022
0.276173604780889	76.1184184700802
12.9961681612749	72.45471667147
37.4536125163797	38.9192890557085
71.2111562822066	19.7717531210611
21.8234911662636	37.0402255268023
5.52997258749324	5.81523371199855
14.6946687785418	17.9373474875173
30.2950079693901	21.7316069275754
62.7425656480447	9.48752016270883
0.399246765486545	37.5692397065317
11.7100280764094	18.2116337670999
8.44740095010372	39.7033133263249
45.868580018109	48.7645374838098
19.698895383486	48.9302818425606
31.4880843886584	54.1115689343361
55.8113639037178	15.7220055888044
3.96257504074023	91.9502846859164
9.48994653741361	78.6552631196823
31.1058960534194	42.5099327426916
17.8371219047518	5.34042609172893
83.4730994810691	3.49435149854717
18.889209217806	53.5596327174267
9.29441815674976	64.9407146800965
23.0056728809167	13.3014311610262
20.8604370340986	58.9318561176452
74.1131627811646	14.0320802638457
0.781151978662774	41.158441100809
10.5760064025298	0.351632340043612
40.9925534115138	43.6478411982059
54.4481246520058	44.4719762282781
24.7359524596184	67.5898618845222
74.0973638715676	13.2183219833385
80.3113546130766	10.0593074271732
22.6556100988088	29.6770145323486
35.7363007663453	52.8964072246553
19.7715519553849	8.03222237528871
48.0995561220215	28.7621401849958
52.6703433378927	19.7455782069571
4.66677919247503	65.6465769585439
10.4925900280907	41.0968979080659
28.2348482535383	55.4158109963945
39.2040672894586	27.1558448798749
23.1955553513	21.2167555565093
47.6812890021509	21.2469752045567
59.264496415511	37.3017910110307
32.9217421975554	29.8864773613803
78.1869904967896	19.7168752642893
51.8699572197487	2.58058649607961
25.0102353398736	70.0897238078014
16.0251795854537	65.484556353411
0.527291931457488	97.2545323414982
68.3939458189504	15.4562967435719
19.6982679049011	48.6746309086097
77.6125913847296	21.1032161587399
77.228820499605	19.4871920251694
2.67550195691898	76.1634218861179
78.8129383599446	15.5858742611417
20.9954280504004	43.8081996719391
58.2325576144422	10.0008746655662
17.9087033578701	5.90592101491332
25.5663859311335	41.5904313519552
15.7912987823558	2.17892103929954
20.0257118418932	61.0543188923292
12.7807947866529	43.5348460187832
42.7143397008601	18.0366165554321
0.107788108339435	38.0242018206158
50.5970359549844	24.5827558099212
18.7436217063775	15.4038222112711
11.7830298430207	79.107653246777
6.40385174490691	46.685700699075
1.74566754221249	39.6844694110027
20.6276971942874	15.0628289277958
26.0227352036269	51.289175009024
21.1928129294854	58.8180507341484
24.2181991339746	50.3451525002463
1.16404183263147	61.1567574837975
57.9193890830127	31.860840149159
45.3145246698123	0.775532564509442
11.6327648105252	53.4220874092644
6.99679693532958	63.0330515853283
63.700478739897	0.43134386671304
46.6002486397513	44.8274481319019
0.620528683355324	15.3643662647178
36.3195243926344	59.9255709722292
17.0445454851932	77.603278810905
48.5514884575044	15.0161910406389
15.4966241752247	25.2472026391175
7.41300890567387	35.812897344964
6.19751736810315	56.3365937007296
4.87059895176003	91.9806058946907
18.666263538723	57.8333915946229
23.380432195673	68.5487988724135
8.10431717341035	30.0004755286502
71.4057614428018	22.150509861368
11.6149558274145	10.0338744977647
29.6367341324858	31.6199768481869
41.5162155598012	41.1401216132288
42.9655003561478	48.3641257734802
0.781510165325138	74.8386741033004
1.73509707755181	42.3182569641239
48.3507736345524	26.9925168841111
9.0834437446126	28.3182054889939
8.25854330708205	8.63238904095832
64.6078503060191	32.1476122979762
3.98342753946009	50.7547304270578
38.6569602129315	26.9583516879745
5.64867230395259	48.2636692692822
50.7175125417847	8.02202895657254
12.4472812341746	23.0416356693216
21.3689996960429	9.87219135736683
22.5365331035743	13.1980100708073
14.7472754189499	23.8111700973525
58.5126313187706	34.3331113151894
18.7778535386444	14.6543386460535
3.66129675119244	21.3924219465779
21.3438445801585	9.49690691637663
4.56825178329286	1.06141478804006
15.8709242548192	71.8254901803217
8.63544582791414	38.9618444437915
4.48173466347239	49.8457344946664
12.2110762690246	81.8375022066001
10.6518043254743	65.8358162109907
39.2853602018605	52.7351018286939
69.7827180241154	21.4751183155343
47.7546445316424	42.9446616875681
76.2462505028799	19.5507868749792
2.13318062114212	37.0680027813967
68.9431065083216	4.99587999889435
9.18134567755337	39.5063423735585
51.5520171502382	37.7567543358341
73.3264423316933	6.65860926111164
53.4856460771922	10.350729110814
11.9271327331323	24.2361138221976
2.09108996302406	69.2664145814564
14.2357499870638	25.2816244146235
31.109333239081	5.38283745077571
57.3048855444905	31.0502824518132
7.33429533770974	2.39625885262911
25.1408700482644	44.706992686124
11.5375483462296	16.4644029068129
51.7244722935019	39.914931096097
25.2705923864947	73.5634781762788
49.1428698641913	21.5934063874154
37.7195581503769	26.6819408753337
88.7021244916609	8.82596411221938
54.3130126569015	33.8880001725107
7.03002880654765	34.6182156981054
83.7342662195369	10.00513290521
