26.816992474169	38.8182165747593
32.9626758270723	41.5701194859902
17.2273140015208	22.8995972885283
80.5865441358586	12.2478932664953
68.933633374485	29.0771018849114
26.842534088922	44.7670789643969
30.7931739514662	12.926544208511
42.7075618145557	2.55061378821294
47.6078225055746	32.2415888925277
42.9603485590594	23.969804180772
21.5508431762228	12.2169689332214
0.0519028865042622	92.5669484271514
5.68379825245766	0.426736893331044
27.1993436511603	57.4593261617512
13.2238417925424	24.2663786859561
1.69988335189404	96.7994812395421
36.805119941386	34.0681579122637
53.4595030608864	37.5330048322366
47.4649780185264	19.878215119186
23.2162357881741	18.5762050182448
34.9290004162719	50.1406133874043
0.943993777476248	32.4912230169825
5.04224524136737	84.8410877328557
45.6486661665368	48.9673020080511
10.7459623882295	58.7368929566522
41.2569131428641	24.7513619366807
27.140938270437	62.5188980542677
17.2751736441977	19.775374848291
27.5284441316167	10.7814461974341
48.8951744273748	8.62313863291551
4.8628339566583	22.2500224701362
27.3995631502008	65.0082870223598
74.2295489526491	20.3202426993848
43.1643560264094	26.3345981139385
4.96277888536583	32.3677963262274
28.8958744746148	71.097952067432
64.6097147672482	17.4798111512697
13.5559255786035	50.4303005758814
30.2177886619315	50.3081224627365
9.66472267623279	14.4701117717056
7.80038759475592	15.3856285919368
30.9603240019457	1.45001793347766
66.817323335827	3.24931210058244
17.4449453211599	81.0292073437149
44.2856865209926	54.4621251311442
7.69223207966063	46.9160065273363
3.42305256213204	47.175727247808
78.8535561779763	14.8321600699947
35.6673331631661	1.5965405859037
2.74690212809802	20.5697911887289
71.4100217779214	7.56107932308739
0.319569930583038	14.1997597712091
37.4161766550579	57.6607845992133
20.9633628469721	65.7957703647184
13.9134015021442	6.94608101944722
24.3957559226061	2.61278525116517
68.903328882951	7.0836958508397
26.3405868906251	70.1502934424907
5.55263716054737	47.262499177485
0.975377578742512	26.496613503665
20.8982590683262	28.4526524266473
22.4550656613219	21.192771578763
43.7322179990505	28.4057595899355
2.18674391609931	51.362718432845
34.897912263357	21.8795471460929
1.71355125574095	15.9188021979848
2.77191880288158	66.4974022500671
6.06707125253373	64.3263259270817
52.1081474386659	23.8374428934592
21.4021901234063	71.339822966298
46.9417132190157	22.0094142118513
44.4951366374712	40.5765448420199
84.4910153581253	3.20298434384306
58.8805672521147	40.4975692930154
4.89695193474039	74.9778684577802
3.82619793705	83.6730900144545
22.3855811741136	11.439379542805
33.1820544009945	23.762999206671
69.0846241400971	19.8947751055913
45.6610182978497	42.9836206338292
29.9605283094386	9.29335477263357
71.4236655605136	26.7056722318314
7.61683499795237	65.5695019595183
59.4293739923413	6.24262397468212
40.6521607845333	3.06097651043021
34.8336453246109	35.5023336762108
7.39449044102546	60.7280161514543
34.1183602037459	38.9857921465234
45.0402052817122	26.1475121724175
8.73525608737732	65.8448108778544
13.6329098202441	32.5087241979822
22.25137144432	30.1210778905643
28.8971306890702	0.649566715885683
41.6062801338761	47.9728523865216
84.8051528841281	1.5569659888544
42.8450404400216	39.4355002508664
19.311181790806	31.8484693913946
59.6998013368341	12.4436840938608
31.8308854623842	33.4687934878603
18.9184375195384	50.6240782563687
16.0703586023629	23.8008486683484
13.1975424071762	61.409968771697
24.6118216424304	61.8229715907122
40.9497653790516	29.1625960400154
52.0844336375987	7.59963761437667
55.9431721251193	5.68187297586439
30.4918281875978	42.0377692403448
0.0175839290104732	31.9817807674323
71.2515308387817	23.8692523557084
78.5976051718917	10.6012055699719
65.0097918068104	14.5375319358602
5.17310588861495	71.6521111184974
13.3565837113916	10.3884856264985
6.90144813009605	62.2138758945343
75.8963576871419	14.0106160724585
32.7892705485175	3.66318887270204
21.2324308796005	71.1855741549216
72.893036470233	26.9448068584058
36.8646633517298	28.3654728105131
39.4627526586236	3.0346148661499
40.9231500425018	35.1940587792518
12.061560951202	77.1908213743897
28.8986259740305	66.9408872103975
19.5064746399906	45.5230713102608
58.6582055588524	29.7205619652386
53.1020075795716	5.47014158473822
0.704081589683928	47.6103311626289
22.1711155130393	27.3540704638483
24.1873703078308	60.3344536667384
34.2951098151017	33.0269120321734
10.3875789374055	3.86683326394615
21.2907258520325	40.7022989078901
1.94905512125653	19.622358409512
28.6641487519555	7.82200252070185
36.7178019307171	38.109743799134
33.6264740832273	43.1724745049945
13.0229432662124	84.7074904873536
1.59808565005571	35.5443996542806
61.7974695571686	6.6109332752465
35.1354923728553	54.7913722949062
8.42983611320603	12.3997086716814
3.52108646348169	81.0817231801719
75.6749709489173	8.88957232650815
59.7277522365226	2.40948642716253
12.5689775741515	43.4563965739014
28.0639684424102	45.0407776260007
1.55066060905841	12.8941345088622
36.2598638219106	59.6504892500353
27.6793556416777	17.2415646339029
34.7426383917884	61.4430906071528
19.0751250922098	28.9615715523071
75.816647417758	18.9494398510779
78.0627073617944	18.3410729832673
78.5469648328363	3.78679963936415
18.5315084729956	48.7793468631708
63.0574504207156	25.8264333129984
2.60414262423485	85.5884769864327
3.61625361424696	12.4582428543168
8.20904509546656	25.3157594359088
17.303101679917	67.5136363913834
4.81186579205648	66.6658881430821
80.2706349083551	9.32631316097747
39.804889932184	43.4419173018271
75.3675010871922	6.61688223789301
51.2825918157038	26.9368203947958
52.0945636798137	1.67175843458239
29.0541717917911	25.7872739461191
38.3776176433906	61.2553993525242
8.20398270534537	86.0025689406332
8.52333163308135	35.0905062328514
60.8983390316825	9.28383828573108
30.2047991334483	67.9955881405601
19.3367381204556	40.4218229187754
64.5354177171995	9.65195959883368
9.92914741389879	22.3791047103606
16.2310445756796	77.8750453972607
14.5713244632684	49.8881453880519
12.8598887067567	50.3896206386339
35.9583848323479	4.71438369933254
45.7185432062105	24.89852808644
21.4671512234337	68.4185171352786
18.8594616571718	2.90156579711547
22.3790410078964	11.0101936436306
3.94424768348422	83.6829807533338
48.0441648736802	46.6520092667323
25.3413743923145	37.7929046460394
36.9602817282827	57.6379346929667
19.7014026435564	3.5138080378593
22.5770770677259	49.8141579096271
16.0380946081309	34.7083495625799
14.322164661401	74.57358952359
4.51073385985137	91.8281814045404
20.1992779132907	35.855318901993
27.1188438996295	65.2744200384591
27.6886130346398	24.0539918300016
1.83946052651827	0.430439645624924
14.4299633402517	18.0148835843498
15.7771970684534	44.4783686401687
28.7674323789624	17.9927765009891
27.453377809121	53.531589151142
23.4707399846384	62.3866922046927
17.3225276718487	57.3026570292668
11.7140958605865	13.6474696517212
64.9422351573325	26.290139428475
63.060749025578	2.20650141230156
8.40194109287203	32.4739729205491
14.2492568652375	78.4500188559527
53.0804277644867	42.8499738419661
61.1153963772186	11.6632197106551
71.2603689503206	17.9933767849549
0.692355912501158	58.4745400391866
32.7642727795822	15.1199627272412
44.2954720669871	15.812873661431
2.06995722934136	27.1634589075872
3.59029974955614	93.0948356134327
4.22222926478005	68.8641220186204
22.4572389025508	61.1340416414356
55.0297704781544	32.9612393551326
95.61492516455	0.321852415949969
27.2680924401004	47.9407862983368
66.4172738168469	12.400521530025
39.6008214166392	23.5194285509733
18.9995500347575	33.9519374696314
8.07291996109901	48.9826720436023
78.3400745961536	20.6732474829411
25.6648576937918	43.877933567333
30.8740823673429	11.3342327118545
31.5485337430372	3.26844733360617
45.43345162898	49.6540704041971
44.1490798462876	37.0456543457907
42.1344916066781	36.3846243994239
15.1181912585712	34.3565229952133
67.5632689928465	4.45510493798885
41.84663772669	44.3431121969331
2.40340372659425	4.80447262749284
52.4544690048576	4.17963816047629
17.6707672503175	17.2066564286159
2.9556355918551	70.1651628455916
20.9222274929854	49.1364856945055
1.07662701098091	97.7534556750923
57.1989056920628	2.45880149419364
0.74316179414427	83.0893511805168
33.9812206728296	36.1178253479851
2.63506784226516	81.9812250705348
16.1243108176274	28.8628852129275
69.7774111618183	9.69522046376729
29.3049721649405	39.7849331795168
43.2664851859521	4.64994805150197
43.2119202535655	44.0956400447039
3.19765573516379	2.74390522518377
