43.5963820869086	0.654543238065458	51.7604300061988
41.1533919354684	8.09235028368065	22.3475696623081
29.4040694504064	43.3619344808915	14.35057433059
19.6098001765133	30.7090389685282	26.7614246936335
45.5473898656421	4.80817407593512	22.1375538139313
28.1107928269127	30.0807770947371	37.2574371924891
7.80159691711962	7.79884281000068	77.418984648501
9.40588904051384	4.18831329056449	52.1255679205645
1.42411836489296	52.4727238586511	34.0384979425177
41.5562702070718	17.6747930784127	7.0509543209574
13.3172290461684	44.2491598633347	41.3801438833494
19.1954073585548	44.3871346509024	7.18855625353221
47.8682525213194	32.5725134613796	7.75358821626454
18.9532531979276	68.7265077925876	1.66710796843614
14.9748977809096	4.27882718121578	16.5505247267664
1.09446626207534	83.2020422365526	8.29002177728807
38.454605424057	45.3488617880963	6.27799709619861
16.3345974480429	3.02666025377189	51.3042003620901
29.2780358014992	37.1374364183924	18.6130697459975
82.1568658026666	6.75447243580337	10.318276663459
5.46599715271313	14.6079544977322	36.4827884996695
49.3951034496516	23.812038648786	22.5294819206602
18.9621876547868	11.4283605997583	33.0597331435698
34.6913806324319	50.5952412963823	8.05265247265466
35.7626992444334	2.25718305551316	2.4777327210073
47.8011683783499	41.5033064044562	7.64336926287197
7.96507234124703	56.0917725116442	25.8614575145121
3.16490065453802	36.0297660045464	27.5955388916636
39.2982837927054	15.075152607204	11.2581023533168
49.3812614816154	3.35793844580554	30.8648332631517
32.276675166691	10.6839749546181	51.3461856410588
34.3985873434686	41.8883551572861	11.6193039396868
28.5589599649231	30.797820645756	4.89018233720687
0.0584399327907897	23.5496870351721	54.368929823101
10.460957237734	11.4965838899354	37.3119644528776
43.360294095874	16.1405788809716	7.40909423092804
13.9899124456523	47.6075081376394	7.96390166877019
48.1806135029442	35.224397683155	15.2810644895216
0.173265300771811	23.420077945767	27.8523242230771
46.9937359201693	16.6350643227971	34.8500397684286
16.6154034978782	45.6308595117325	10.92316434296
66.5682507988849	0.990520697548297	21.7348070916416
1.06538985905488	29.3264750527807	60.0475234259141
24.5829514342281	21.0395860118044	1.98014765138745
3.39035755181236	1.49265774595209	43.0985329873387
7.87196718522905	16.9093776573005	5.06521291335356
11.7046168128516	32.4284017702697	1.52810332436492
28.2547393013978	18.4047906279586	2.40849028453626
44.4297001438354	0.0608180649861777	15.1813909947786
29.3080884168428	55.3968056363039	8.00232584960867
0.696694851246055	28.2209986020909	38.9358868538103
4.79112491234724	18.3272793043066	7.04829013303308
6.50815312122374	40.587954148924	33.1619033744381
26.6905174249273	1.74416042945541	62.6405100164192
11.7261504809028	29.2603998581229	5.85860191185894
3.31215565247096	82.3647009126678	3.49781424901346
4.9366677668582	70.3713107250497	4.361795123835
2.36078766284547	0.0987113453907479	2.37981677166178
16.3755013218035	20.0515220035107	26.9045191010947
11.6013732327155	39.4925776587299	40.30832473203
36.5769345483635	5.30762165100669	35.7823215591639
35.5856668369778	8.07549581307708	20.0349717494263
18.5260801196685	7.30829905127562	57.5801728561428
4.90692816903206	71.2265274353449	4.45022355041011
19.9146560020347	21.6391610548083	0.052203703696003
3.03406198650322	13.9618924418287	36.1707454250058
18.1020820597662	12.3505226393931	60.3601085768827
11.7609981502225	0.999249052721657	48.4484122360351
41.4689380402998	20.783009762309	22.4758754589017
14.0575828561827	47.8688936437801	26.3541436411227
16.9062719293434	4.2653010246648	23.567661374606
32.4526925256721	34.5745054700293	5.97605915087092
65.3942121031667	21.2503397936236	4.27264548105777
37.5674722425488	16.4164533915075	32.1643470470628
31.2178208638066	47.1887516077555	5.21552297529556
20.1227233838861	3.98006434737708	37.1555126910822
41.2488480290625	31.3740804937547	21.0248316270415
20.6347720327949	0.38475575874781	31.1318779043536
9.87550947343721	80.3841962387712	0.741501013162313
10.3080576333721	24.7327000483557	15.9032051059898
9.65623544047411	72.3950325848512	10.1777947089531
8.29573912001016	3.69105274029591	43.8796194474584
24.4496777767547	56.2322371901163	6.4664678678226
56.2112340965361	4.87290802638648	22.2950657933462
14.6616854307529	32.2969507576418	9.60532706678162
27.87008915463	42.0579401506381	6.31356924134938
58.3116296950316	9.78799234600178	23.9352864324745
11.2971478194451	56.4025634696719	31.8894702158354
4.27570543451035	21.3148912979825	12.544394569725
54.0694562504391	10.7266862926663	24.9513669521321
19.3903801121704	12.8138431407576	38.0373167982499
35.6502968983959	40.2700149641698	4.13532224676354
20.8160447053686	66.1542850854594	2.69158925055135
28.0740454923706	11.773766443028	8.55000382687431
5.98127874824278	32.4357647599819	11.7880269939955
43.0329032442686	1.04270083878315	17.0745393806484
7.18522379509417	38.5636002004908	44.8477756906523
32.47027696691	7.38889631228004	55.0369061320261
45.5482162747291	33.6497433174633	0.597161148021538
7.0493281386091	22.359212544914	66.3642442162913
15.614862002253	29.4363905347122	0.0569733325657311
11.213211021951	53.1790418798006	15.4723703467624
32.8185529135254	27.5717859284821	1.73653820610444
6.60355915622951	59.8574245627306	9.76933362417358
15.9206935744363	71.4654298366352	7.27272532287646
18.3072014331386	35.5766797603931	44.5407214781925
7.70182265327397	26.7237592612969	52.8485491652268
63.4868250524098	0.535926502447541	16.8673466503934
4.8550550848502	51.0916289645674	24.273071030282
4.07665828432732	20.8660829443792	74.0101256286773
14.9442274658681	39.8316304384878	25.6858534764898
0.104617280934293	31.4746786986825	37.4641556001567
6.56090462885839	21.9657161375348	3.59473866577946
18.18568819118	19.5785363295947	53.9839900815785
36.5459700285206	3.5926754137467	6.46613850559394
11.447633621957	54.1710946961171	14.9747943109715
27.0719370930791	29.5675508349983	15.6064953262017
19.9501829780406	0.719438912681974	60.7021736263773
4.64659878269145	7.10927755902953	0.915364223027306
20.4870889058742	62.9124055443855	10.7365720489698
30.3911315418739	64.0943080950968	1.38433617604167
10.6295477648403	9.21331732962901	61.726454720705
51.0979855205389	32.5958077481928	15.770352639151
4.35725320333487	10.3912387557287	70.232255277332
8.1305340901625	46.0045496681726	43.761300921329
7.19862967133458	58.6331018985403	15.7943708895679
2.12104898044888	46.1284401575701	37.1672220235538
90.464177443862	7.61784348060277	1.42444702862969
5.15512447112944	2.84931082411171	60.1075160131359
48.569582751286	1.37200448725932	28.6265027842608
14.3699238609383	58.4106930337896	0.192067073747547
12.0486762896407	14.8618580377017	9.64493970835811
32.5563871918974	3.44596584487984	25.560913293418
13.8539033540776	39.0130847874158	0.144856330074769
20.7285331193025	3.91624160293315	59.3424486738362
54.0598245589341	28.0896086842239	13.2884863825927
25.4543451245196	45.3842653172949	10.3835647042764
15.5441411843263	58.0000696973875	25.1197118429093
48.7449094880116	24.7447491738688	13.1951149148844
21.4690649516271	41.1928221775185	17.2255849080279
14.7374914562039	0.0413412228419172	62.7751391207684
20.3594673985427	41.9781634313884	10.2255197289519
35.7993391509165	57.6560993481689	3.95451788974671
11.4466716123031	81.2246221961568	1.95765323096777
6.20267777992537	21.9614515648975	64.0212539415905
8.88190116215586	22.6217367326011	53.0043558464406
7.79616143917486	49.3565991285055	30.7202375636996
44.2947206759335	41.1566856043212	7.23138079383941
14.7647936431527	32.7870501823663	15.9740405697255
70.0724140135909	1.56144127322428	27.8062575160555
19.8490293323291	37.7191173554021	39.6279940566178
13.5784614894439	16.3944031188238	25.2779088566443
4.07881522741114	4.68780896844706	83.721669243519
53.8086889096576	29.1149063171423	16.3385370822337
22.8144514946334	3.54613796972955	18.4226351875917
40.2743419354196	5.69608710040156	22.0238205148018
40.7111718508933	36.8319087367653	4.42914124784485
7.55763394178712	57.6488018304337	23.9099123626528
35.6569366695624	4.78331791459737	32.3350671829353
38.9443967207076	11.388499574451	6.74966327229033
17.594679266957	39.7967740613021	31.5066603159097
42.5461200729693	1.54991778617255	53.9870952973082
0.333642773485576	4.57840236117058	66.8004317520188
30.2540375060654	26.4293700114029	11.1465985472997
10.0973043172142	31.4930505731576	8.58190800462938
29.9693816015354	11.3158394635263	39.1831449881117
38.3309154018438	40.465211793997	3.06343995177347
33.6826606810478	22.6458881155801	28.7089761480265
5.49467671918435	47.2658516593584	5.61127877124179
69.8646515467505	13.8764390786534	10.8124184472544
0.509542273594785	52.96972266071	37.9055314408175
38.2230719729434	19.5827138701373	19.7797259873616
0.324530666845166	3.63357709889932	62.1165899849108
14.3096956025389	7.55340061502224	68.3046294694322
91.8810700494242	0.541950902222633	5.90858711204891
16.2588186637772	33.0589902275517	46.0724535147066
11.5745957063393	54.7211904799199	32.3228414320959
27.6631198020946	9.86241992090941	17.3606307792294
12.0226679891453	35.3858891108008	30.0158164603709
12.9525083643163	39.445791830982	0.993903493971519
1.49404942127599	44.8703537904054	39.9080562591125
38.9859538241224	31.0943706105903	17.7653989837344
3.97826028241695	26.6298662995127	0.727977278050025
15.1500730845845	9.42224320463009	51.292143646298
0.390311703267652	25.0976211042598	36.2278011796194
47.8343403189603	32.9594155461338	14.0948996944795
2.27716374317052	35.6082588134372	19.4646920633804
16.4079871570729	69.6675790798234	0.723855011502213
1.1543739592444	36.2768609711327	8.0695631020095
4.67576519803878	70.1432852866795	5.20268446076786
15.4430321955322	13.29597416953	15.9624456967984
21.7718685612883	44.137730702822	19.4221637767843
27.225976682839	19.4565249231907	37.0856128805716
21.4810822259081	17.079987803977	55.9987571816886
10.4502145715292	3.54198152364324	81.8194551774391
24.9841623124593	0.0560172833763143	72.1362818834075
7.3728263878137	16.9945054766696	3.22816302218855
16.3236970157939	26.4254560817152	9.94646018834154
35.6799064370244	9.39498050575842	32.6929976384588
30.1179180527655	40.516502661871	22.9589035841445
5.94787178838061	34.718567521646	44.7506877336421
20.4732803257523	25.9041096204445	10.5368487585973
18.4023778971296	19.0751779913321	27.7572849429014
34.1996336980721	39.024131763272	10.1391678723223
10.7592449107949	3.9423775411874	25.2433460323342
12.0579998996379	4.53315340193601	0.664379075478939
39.0629262379664	30.2374920948583	30.4788455043355
0.325301755371178	27.7960275894944	49.6989611767693
18.1263070637948	68.9301573992382	2.32774284776661
47.9980399124315	29.2936039759282	15.2267786279445
47.3712183290027	0.75161098537576	4.00617732852985
11.9723011795302	21.5796639311964	28.0184106566098
0.200391700584624	47.2390421420518	37.6827005006758
56.0597756672929	2.58159069464616	27.9968585018054
16.2786116433696	7.19537414014124	27.5631564797662
48.9352100290988	16.1643269547095	14.0831745760903
2.15934910912036	67.4643288680652	10.3148714687279
6.70334501504122	29.69551455681	15.9445685408751
21.7308078062398	56.4092342073141	1.85345439326645
36.9664162103862	14.0478772642314	17.2613079274359
75.5927115099471	23.4032877364211	0.848000310756266
70.0450512441085	2.5447901350189	27.0723675038071
0.152933597635913	9.23907687386455	52.9529637903687
2.45540370347696	17.3813434398646	12.4505872430515
31.7713377679565	26.3774236787005	13.4907164673743
1.10249877958675	75.4397779123112	14.1642108625566
19.5008375307083	6.52661146899993	11.6221920175581
54.1753676972237	35.0452002766753	2.93200547012128
19.6202934345325	1.62035604082996	45.6334928263135
18.5113092039299	4.51862937981199	18.8360458793286
6.57847426206734	51.348415413568	37.47450133668
13.5014419041115	1.7921806321443	72.9051702529682
17.2321455633417	15.9572128280798	45.6921154380274
45.6391800407503	32.2088721358259	18.3224143080052
11.3663880673081	64.2650339586032	17.4825098446955
21.1302617663193	36.3882019353976	10.0849937694543
31.1181473690635	14.0458208108534	10.8070454610544
24.0182070639069	53.7257612467398	13.7264398456209
15.9334182347792	24.7313618309476	54.7118028414956
18.0118111046086	8.45919102824256	56.6017224716962
27.0653864029168	1.75186446949461	19.5462233477953
19.3071004093192	5.73115740238277	29.7362988021859
43.0260221674228	20.0185927189973	14.4390220821085
18.9752207226005	30.8211938155914	14.4308836732204
0.285024661703512	30.1237587957288	56.2786203605489
46.0997654339763	20.5619695692146	12.6598784758988
27.1491515110941	67.9334855954784	4.17714980625415
16.1339844652144	13.8272215210959	47.7693987301408
17.8924583447596	2.39626043587749	61.6054268840726
13.540970260995	40.2516901214848	25.4616914435577
