23.212762979424	26.3452984980984	26.2398367404192
27.28689849716	3.75207956123728	60.6803978144566
23.8543529174544	12.4844173958918	34.2706526323551
75.9079949818123	5.94203900822533	11.731195874387
66.7760845584684	11.6199370527733	19.7664799726412
31.6379550526095	20.2662614734221	16.032297031969
4.60657119034164	53.0778714702827	18.554318891165
10.7801910539997	10.1897252305363	50.8295699725065
16.5055133013546	42.4318706814348	28.0728723053228
18.7880012294222	11.9638797882776	9.90064330860071
11.5826884804213	29.0757976607773	36.4320964256451
18.5766824607629	20.2886500955972	38.0112322224356
29.2903273968447	56.6725820101204	13.2200943367649
22.4250347923604	7.34771825715328	13.9346066927233
72.4355472589077	25.9464973238979	0.119436113219446
27.0471402104232	14.3079210139382	52.5460257439623
44.1714285612905	13.8474616752227	8.94905804141846
6.63935635548055	11.4471240953762	34.7630140533499
1.05487047743745	13.4094788755334	68.081874292382
15.705204715815	57.2288892498374	10.1697803522319
9.74093573621518	1.95012213753076	75.4939518754808
10.5313716505335	45.42040179736	6.29490465218895
7.24387150595145	24.2743231934841	48.1479564905856
0.0210878905007094	1.04215894874286	30.3441783088931
28.1099940315401	40.2017544210897	13.7399108678754
3.66883548147457	25.5595552854052	22.1755432068256
10.1946321829197	3.90699985619029	21.57428717314
21.5990121111269	14.3192960947376	55.6604299022166
7.32051227582642	12.163409549819	62.3415571462091
69.8326954477619	2.9848056859266	4.27984455799677
48.0743917394776	15.544426075902	20.2919131705034
46.4718581393696	2.86256219393693	16.3518589531779
31.7361012248956	36.0097300894604	9.99042042996288
16.4146015031331	57.2628085768143	10.8447845610067
20.7842670012192	29.4307924012797	16.9954386153237
10.2468936751815	53.3113171129075	26.652838348715
45.7531573463945	17.1680071936771	11.8074067923275
14.8454315563875	75.9541906304444	3.69107308969417
39.0132646258051	28.0014147646732	11.2043529801091
14.1851190543664	13.2754627677032	23.9994231723246
48.2010640428406	31.9918910190425	1.47836934843956
5.0434573576988	65.9840253954679	16.31081142291
18.2808769951951	0.660312502021116	62.6787278627412
1.55162150112522	15.713947413356	34.7056660962783
27.9730617664629	1.64768355975285	7.0159818544127
53.2848923249565	7.64717921039424	32.8783582583435
11.9653897881347	9.47458199666561	0.222835503622347
45.1325160195737	28.1085346024989	24.0556271858772
22.3383872873794	32.2106097043541	43.1855108324371
66.710744829248	11.0997045930008	8.44108574485457
26.062931784458	38.8502516033362	28.3569692766094
8.22213790762338	56.430231386996	16.5080760682505
44.5829048494729	10.4828474626331	12.8944423109733
65.812155402178	2.34155524631103	23.5253778395827
15.4625269656361	51.1984586488448	16.207448540352
53.456773028456	9.94880176612586	7.52226193785773
7.70913386145101	31.4073252637905	19.9791584722601
16.003115901725	3.49552859714978	26.6265543767375
7.06580882289717	22.538097585802	35.4298002717224
57.4839138693567	3.07423016199573	18.3764011219034
8.4644941652494	7.62809347716537	51.3143486582275
9.37078092683609	18.8051987526963	54.9705088860218
69.7187628921674	0.643325038553833	8.86922767798846
69.6722488243469	2.99374526505999	14.872424357977
5.28450538650365	12.5815264939245	73.8951578614745
12.2620436885683	42.1953056204111	28.1412044205429
5.1363288448827	4.09006681483708	86.8421532618078
0.876243925130108	11.0090352180456	2.63757705811298
42.251930358937	7.55112008543272	28.313341424015
21.5034290782658	44.1790281535029	25.4662671710673
10.7805572034701	27.2445705380498	10.2226059465774
17.9869451643838	36.8309030480827	1.46933612482126
28.0302710961691	4.40826146137354	1.57249127587885
2.6749372494756	34.6715060224158	58.5525647544081
19.1269839271563	48.8885125372971	5.5124452363292
12.2063284796692	20.2107349504767	41.2139391718497
57.0623521958768	0.191051606177842	4.96715642743146
75.6210134251141	1.15690310539534	3.35893514722536
6.40507280193505	31.4138906688494	10.5633777615444
8.05226737076988	41.9448635270562	49.4796210664695
21.6113004468434	14.8123677888943	6.93217264811144
15.7937930504763	17.0224860389822	51.8882956597434
5.26182260609317	78.1987385722803	9.23151532617934
3.63120511343293	38.6275096510665	0.79604643434102
13.5365664556327	44.5111879820522	20.712532578368
23.5053741482577	14.0387855069892	28.0733843930407
42.9472213345334	40.6355446859428	1.92920570351612
43.8557180780246	48.7801894307044	4.15971032537506
33.4224624714919	4.5369905906436	11.0655113640546
6.06586854256031	66.4285343449696	21.8346629393448
21.139031472215	55.949988801009	11.6247167399268
72.3611054347647	1.55096068119209	5.81753114509281
67.4480932147466	19.9825150053867	1.85766974550563
55.2794425540042	1.96086927408393	22.4923508812172
23.8708783983583	32.2623539400577	6.50939583150176
9.83384796876174	41.6344113376152	19.3362843335309
12.9759058416709	12.1686506607424	18.0216457313027
11.7613810169331	18.5139790263558	68.7763126421609
3.15606654768626	35.3954487179385	31.6435991468111
7.3212671127735	39.6680829299931	49.9665335053422
1.31687158780027	94.8240094328411	1.1089939163574
8.39794022422188	57.3215000598326	32.9560055550914
28.8108636759272	28.3599296251125	2.10341867157417
2.33733737950089	11.051026178082	2.86771212838018
25.7296697822072	32.6818224194841	35.6797796374558
17.8187169217592	9.73193836851602	58.0870079612765
3.71019262993252	50.9658031402928	12.3291776572956
27.7518573346324	32.6636570192239	0.848298287414153
39.4237960872351	12.3486150113626	33.2537144577381
32.9464671821084	15.0395591347663	38.7477221613506
8.98230928414609	1.42837530068512	25.3032200621922
15.5803666988296	54.856365711827	26.9341798624649
74.8319763573036	0.501984777162776	0.0507514924047289
38.2581479559923	26.542250312186	33.7080078356471
17.2637365373148	61.0175040369004	21.4260702586854
57.6688579552196	17.8560573690832	0.0104635488290636
4.87082042026837	10.7456248303622	16.5180292523084
11.0260380017692	54.9375949683309	30.7837683850824
42.2511882811092	6.17448687840928	41.2946228595891
11.9517298936619	3.55756306255123	33.5712816722557
7.56589062864235	34.6150712271291	36.1852363851784
34.7087117539294	12.4135297780919	48.8977283932724
11.0056891157318	4.91240769853462	8.01215535402864
82.0519742006678	5.59558496139738	9.61753274761957
10.916433302181	42.7288297762763	14.5411515676142
30.3858407914573	29.7784584247407	29.1204305035623
61.7344023015976	19.3320280496646	8.36218018474159
15.3833520204683	16.0363758523187	2.67236903434264
26.9164879466018	33.8754255482347	6.23491052828492
11.5648626869381	52.6604893862552	32.2037607115711
6.4895038988858	11.8305215201483	76.0053332317645
17.569846900911	32.0210934765735	11.7054353988289
74.3419578179447	7.80190634904518	9.08017945898705
62.8045922903365	11.5140719392868	11.8322847000474
50.6654388507202	0.819567405069046	12.3184455150359
21.1633535200559	19.6282109337059	23.708596184714
24.0726076644252	45.2444001311643	1.25893149583551
5.42410766027128	55.8240650481657	11.0109541150792
13.972033101121	25.8811556854663	45.1769840648291
46.6616586068001	22.2299150294764	0.711675500828622
10.3981832090757	65.8818514393092	6.22012806414632
13.8316760369724	56.0968665667329	16.7167587749272
78.1241127653625	0.57601947364212	4.84909210579893
1.53003707599362	3.55399097481463	77.6174374751828
32.5341231341167	1.11075034416781	2.40274318605789
6.5799445875827	86.7484147133065	6.14062599192403
29.9311773990892	61.2121110135746	6.95318244721423
14.0548031842591	8.97548506454354	43.7155296298282
0.531528238454614	35.8124479818216	47.1020906917295
25.6219281002981	33.1763977805043	2.52296445077423
13.6491909221044	5.94081455186979	18.4442239899394
57.2890461689276	37.8454882362138	2.35309926902554
33.0634513092523	59.4019695927398	6.17850120467064
6.52158879978656	39.1617694586337	39.6718838436864
33.3362864485645	6.23271749645132	37.7415166877869
0.896657072425195	32.1910331175621	10.5168583386191
25.7908574891234	23.88658571238	42.1114876596776
49.2007409917194	7.50241484842376	42.0593026755654
39.5632635054939	32.8338219937095	7.79876755913662
3.97779382950524	25.7129360110094	5.15722823569422
19.786285757919	33.0283663855066	13.3186656578065
4.43692542819163	54.3600803494268	32.1899295468768
62.9081819033754	4.80101877115714	32.2754962054433
1.04345534976733	43.5228580345972	44.9021725658803
6.15824740666814	25.5672519214299	55.2125913813769
51.8273075818211	30.5841701713317	4.49053547554209
3.95414140259574	62.2267188328443	7.88421682449254
15.2612030111538	41.3487374975107	28.7644972227348
36.1271557100709	33.6594479780921	21.3375370583206
6.09504701853499	40.5137467386731	4.66413046450547
52.4949112220178	10.0386404013441	27.9145401101161
19.7724917529954	60.3491345701502	18.3006027798637
24.3717167639973	4.35245940664432	26.8319353586212
18.5706595511039	45.1611276926292	33.7171189643988
31.1570796794989	7.7747629991615	35.0290572899529
24.5357589444778	49.5077155760991	22.7325819072931
41.2501644069563	42.3550580359786	6.74018198938118
23.0513799111598	5.14967083239447	7.11375358845748
4.09935345132805	49.08456646329	43.9675402566639
11.4539161843499	36.9221985512051	37.0506983888572
67.3451668430796	1.06820617852183	13.1510974434908
21.7572674722212	3.69553300724157	53.4946655172364
21.8211550367163	30.2035676921734	31.0700074448576
2.0131041770862	66.0386139834479	27.5115826760938
27.8851078487398	35.7309531121193	10.6733698913238
17.0856553209413	23.2446970526337	17.6510730374842
20.4057026283842	5.1187089202547	17.2547632908704
25.9437092700711	34.8138075018366	27.3262173995963
23.0978495083274	6.18081218850837	53.8832250302114
6.8828589780642	32.927128455102	49.5555713537874
27.7167102451048	35.6003055980431	6.74081510246769
32.6699911303213	14.6488803507056	39.8988461773372
24.7263034455135	47.3034190234278	3.50725664920511
11.5949511582008	47.8731668311512	39.5247841437928
1.55962808130292	37.7450438392093	21.4281139995102
3.32447528062597	42.0385641707287	9.24767684622094
78.8417101273507	6.27672476986271	4.40336177330621
2.48714769374912	14.3714237559454	47.1949173357314
20.4446586409792	11.4246849955175	44.7226734108863
11.8222093730337	2.54711653224524	84.1379302014308
2.62193400534891	20.1704679150928	23.4374585670593
17.7036500152683	33.6843986221051	19.9806401133447
21.8935491619136	50.8751221238054	4.21161614554544
56.2304353603304	0.68959631057903	7.26448977704369
1.67322699058486	38.6533557617354	39.1753187585507
21.2054797546964	32.7877903509828	21.4634285408368
0.890202867281718	2.46651899184404	0.0799789093807241
24.5499754438875	0.00341734849075663	0.178510602646745
16.4408897591945	46.1354224226137	4.52063265467092
18.6176242859185	28.6135486460354	23.8199405948724
56.6993391405322	10.2896914865308	6.69508101730378
13.6460270330524	0.628930470267744	64.2979412173377
4.49236715421657	62.9400296895486	10.1377920294822
64.3415424341064	8.36151275241818	22.0498819938162
14.1795131443904	14.9602429545299	27.8766519054196
33.1860918240557	24.998554226476	35.0031370925732
8.75560017710347	3.7255255522791	53.3917874346449
4.02062130347854	4.23718719009179	11.7164244464209
7.69010596335405	29.2705870835439	52.6668140909946
48.7264539342031	0.634975033176586	46.3560865476523
62.4847930215694	20.5456501899965	1.35540105465585
21.2888624618244	31.1555857915224	14.4646705195609
25.4772008515323	64.6589418708621	4.2986971811851
2.55286130241717	28.5617615694933	50.3032409354594
65.4323010078782	16.7750561222318	10.1371606859086
17.9556931452619	72.0064919311584	8.05487530681066
51.2760435004141	41.9884976195118	0.659263134309679
38.4985388435882	7.11022112849644	42.1885959069191
52.9450887595048	1.26561028941796	4.04493254797763
26.0051435912052	23.6554049065595	40.9504326251105
42.5893220783162	3.6936819104914	22.6916832023727
12.0515255313607	15.3304232821476	68.5968505538054
70.6861470223806	13.9536180598445	8.32498162441188
2.90078157694115	49.7653756522412	37.1732758065561
13.8703771000124	72.4411563353805	11.7364984060342
0.951535208593838	25.6170425217678	11.3100509211933
29.1819960480472	40.1835415699443	20.3908959964248
28.8781176455683	22.0581135349619	23.2053474631185
10.2889166261484	8.65832255625088	8.93685529424662
58.6962149751821	21.2356377491893	16.7623226143244
42.8828265717639	38.1929793107291	17.0848940113023
1.13126775302518	41.736292020295	46.6029244692078
6.07816218681548	10.821273089769	62.2821208379614
32.5141586514721	32.4727530742403	32.2472615783323
36.9053278755887	5.60502009727295	53.0727516641248
74.5949850299372	2.17148438197164	16.2005513516257
28.3443485052997	16.0936960094113	32.4587202316424
8.31000870480668	16.2004269269297	62.9604851654547
14.5208709940877	46.2047262332424	8.75754198467244
41.3110114360745	2.5133507337949	18.411499410128
