12.4176804034122	38.773983269359	2.7020793420738
11.8290452341684	39.0160304210223	27.4484351870829
27.5321880949345	9.92348851166828	17.993417716582
2.95271030764687	36.0308317169691	57.4927285115666
31.5880929266978	16.0861073136731	13.5212391212216
20.5537322073028	18.0480856998116	51.9440320562311
2.01760958974138	0.163640873582866	55.2989704326256
11.0505330893446	10.0169887812887	8.84651327917656
46.4116499044055	2.83638904934581	35.9916281588337
25.4312217353989	25.5801844529715	40.3344526143439
56.5155875666605	14.1716525024602	11.9511850233894
43.5890293883109	35.6307018248507	6.87803947687058
28.8532224618146	27.9431807938699	16.6399214959889
11.7725551183208	13.1668208693931	67.707625761492
4.62484299420605	24.1601465848089	34.2050564634637
12.3267537040295	3.87752172717709	62.059680261677
1.1891444684887	14.4992885712997	52.607373498663
17.1374445860914	56.7395055465119	12.3702052572603
26.6475453631242	7.78418202315652	54.7388457016735
49.6894750044166	8.58494700332403	18.2791366792652
10.5872576174267	55.8926780968405	10.7649657459766
23.4435718615742	35.0460133212833	26.7272398465906
2.05518906100429	72.0326678697172	16.7311989780195
0.701776519744553	14.5141473107571	65.969391849809
7.78969717574757	1.35341254125974	57.51852055896
0.0240151770524751	60.9279154617935	22.5338201609132
12.2634582278614	19.11643530201	37.2416525786937
39.0720539442599	1.04380413007168	38.4805421058464
36.2183512357149	5.38743925531741	33.9245180757365
8.0223579928383	29.9230814119443	44.9730236758352
21.7675596576964	29.6057598337558	10.1415582048435
10.2042495320571	19.5628983991048	53.4645329012836
61.6455927778248	13.7051232222957	17.0041102063861
5.97876441012079	58.3298954918654	0.616323435966076
33.558515102397	42.0464791553311	20.0425908062805
4.13772314979589	2.06152903943394	30.8132626725423
9.47743659349039	23.5886991599522	32.9963741977682
15.2472458385151	30.3972153134631	11.45560597603
2.01784032490935	25.0921330065896	26.3409102923893
5.88838286040741	45.5447762019675	39.7653218543927
7.82401948600263	17.8456482560586	39.7458597737112
4.74924803932628	0.542838918297942	55.5850816218113
46.8415409544676	15.783440841261	17.0723910988646
7.57397772165666	16.7172989420208	36.9704459500361
29.5453884776427	30.5332502492393	18.6087264300365
59.3117541444077	26.798653894476	5.81449698927556
20.5643063972538	3.21713043526613	16.1559473798405
65.1287982077938	16.6961506086849	3.35349273092742
8.12584893225033	10.1769285323922	73.8876779907791
19.7437649684696	36.8533495519559	12.0838077329489
29.0078658745661	31.7909380103419	25.8646983308088
9.40808384186033	42.1720950594973	16.6866279750534
16.5047057981159	6.43490976953642	70.6672488109522
22.8074509291013	27.2895403333425	12.6811363327695
48.0216642599654	12.5031600764502	25.3560282408055
22.2728135633621	53.2452015919821	15.4802274496668
20.3518213798999	47.8740390613089	17.8126998794324
1.45436609231605	16.6081624648572	55.916246611586
42.2898193086916	26.7157749397288	4.28131628049599
55.7262938263483	6.17123632979171	8.85931011701902
9.5366051930639	17.4836615647579	35.6176540887065
40.4418493343712	0.377415213909659	31.7968858088352
32.9922407087834	16.9777865135007	14.895575686775
46.4440969500896	3.33865704170366	18.9476828179079
0.28438051244448	41.5899013362778	17.9465449964379
13.7545937270646	33.774324289418	15.8316522444746
15.9906221628145	58.0803034166248	18.5608938888465
10.5748488151351	34.5459538672799	21.0884407726528
25.2487672610435	29.0220996500096	10.3985040031367
57.6771360159279	6.70074555403588	28.6355311650017
3.44633073706475	28.9542347793254	18.6527245764866
5.91034046649483	12.5244752096592	44.8220094874604
12.7597955114952	20.7354465130416	33.07257836362
15.6446092369243	12.4889717495483	8.28665313696798
50.1274342882109	7.90162459383794	8.17999621302821
12.5391069858051	0.0407157931666429	15.2646353073719
21.0325942938368	42.6222420496038	28.8641837559939
35.9109684526506	30.7497002793242	23.4452317577997
23.6910035012714	27.1984913513057	25.7088428017259
7.58756487983631	72.2275151276158	4.8462915256835
42.0670861574202	7.61462962609466	21.8244688221367
3.0332346926598	41.6855072331082	39.6767861394569
56.8735730633482	13.6963442963065	0.440848805215605
9.51364720683249	71.1239395063016	6.72823181689169
12.7856229957126	39.8224022890545	40.0863346830412
19.79850848196	50.1669605496186	4.94638057655952
35.5801848860365	9.30608394989096	19.6110448425687
41.6906350486403	11.3853246026604	27.0059267184725
61.0683463798223	3.30621074107765	19.1656029406775
23.4978584682093	23.9296953770936	11.7825327495963
2.14600600402151	1.74728534265761	26.8271710848562
7.00290147541226	35.4217941106399	33.8468259823727
47.7763474675717	29.5072617146686	9.5452999274923
1.93185107872442	5.9448164915409	90.8004902726042
17.4196189816201	42.0889805732709	37.6969669189756
23.5205587574842	7.65916910379155	45.8548396573657
42.4659188103238	2.75185313203924	45.6534377046178
6.22727801381949	28.8257863972456	1.77253875963974
33.2729812866417	2.0444493284656	55.4254224316335
19.2354299683289	13.253521133798	53.1274653287267
3.26221091824687	7.8101086000959	15.104183282286
10.5417556178485	9.19293752368211	0.707403803573644
16.2950962392125	8.8490385603388	31.6749264633632
47.6099062001379	37.9838082650601	11.9848750121821
67.3165528882838	24.735225702047	2.83945901451607
6.12799288059026	5.15212086269265	24.0843566712385
9.14541599766604	18.3402970518639	71.2402043264546
45.3537997535215	2.95410095851594	46.6575713579811
8.36788257973636	63.0889876573761	1.96844940165451
86.0635517100168	2.30871201600354	8.62611961021373
33.4875740266813	0.839662785101525	40.8978942506471
49.9101912369533	18.6840178066325	18.4041390746851
8.66423068040248	1.25268618634561	45.5669097814555
25.1703945105758	28.1281914692969	42.6043655456064
19.8690461087362	4.57544042941902	22.654322964444
2.82143079807117	86.3530648808708	4.64812391654035
59.5409917922416	15.0523156929073	12.9729329203129
24.5891965108873	1.29613387458778	72.7396955586689
51.0406704857204	5.89907267405608	26.7936549274221
10.3759171955175	47.0872595194202	17.5894683774512
30.3020477436027	19.6998876145575	32.7395657695548
59.6473712286201	4.8100867331075	12.2635170874482
2.58133742147188	9.81378010931135	10.3780629627304
38.9830197389159	22.6158497029058	17.3528881824356
28.0751712285332	16.8923277020884	28.5040557982885
40.3248550092452	5.08192209763542	46.9959470196608
11.8101805503528	21.360136997588	29.0116504435482
42.9400106160622	36.4197168203163	1.88931245444776
10.7527019971761	16.0872175433148	1.70949050304922
4.0839626007173	6.67294226897552	8.34530950912522
36.9908697144086	1.32701671744092	15.0537742371921
35.3456928559326	20.70044550146	22.1061578589055
27.9829329475681	26.2156836810595	44.9385396879811
2.75115361565312	42.3285965073521	11.4868631174261
17.626476389182	31.4897881036111	50.1583182952173
16.6816776696042	1.16222109699725	25.2030095668524
34.7980404434716	1.19773238021775	24.5645792337901
63.9020617417535	7.38239530817717	16.6221350508845
30.050046197162	37.6023071993153	23.2251418862609
13.7995976087635	30.8017346220099	55.2345482424062
33.5361832443328	36.3009454851509	24.0515832901241
1.97786768059147	0.642625708432228	58.9230085531822
30.3711129959538	3.61361587588378	14.962758782768
23.0261560171033	3.30255413581736	67.9162273034063
37.482655205523	2.0066460603879	46.6185328767721
5.99191738571595	44.4248289076727	20.8353258766398
43.6616062389974	11.5996313801034	12.7820849478161
0.394417578538143	43.0894679590545	12.297064630453
10.1757361135333	36.6485123693238	2.96106878805955
14.5206276394989	49.0514741507599	32.9878223282228
11.3854779449224	61.9525098996016	23.7810424174094
65.8758703926	9.64269233385226	5.29528879807111
12.4953952210468	54.094782264016	7.41778472783872
19.0325196921046	51.8008014428433	16.0960827097744
8.48097741067455	19.8178314696149	10.7109943454671
43.4763061550801	12.7041837259681	22.3719101969022
17.3907812300095	29.3111003606166	10.4343342643391
26.8546499436976	28.8582594733957	26.5175747342955
14.0188818397088	0.639892416372845	84.4674859123619
19.0617892048609	40.8383053917616	12.3175885120023
12.9185187690512	34.584587316301	10.4423939764697
62.8260371102141	13.0011281990451	4.50214082584816
46.4389781218204	0.179543672213118	25.1232660492525
37.3143999079775	6.23965333506449	11.8653690032034
7.64011880738666	38.6235304356662	22.1430263585146
19.6235208397841	3.90120456176866	39.4774757975142
12.2620172855733	4.64610881388472	38.8696165470731
2.11661164747393	18.6998916411306	75.2474103007686
77.5923016842419	13.6211887531081	1.21426661555388
21.6555878620854	35.1643311954869	5.5909890241879
20.9114786334855	34.8818396846214	24.7553736086727
33.341980787619	51.5174193081993	1.7174274202983
47.4975833890483	2.59700007857615	37.397326360176
37.6068760350379	21.8325562876801	24.13875121816
13.2034384241344	42.1004989380485	7.20483735539244
20.0416009500816	71.2469572067479	3.17927180006135
1.3779385021785	54.0123758623434	5.04923253555281
64.4208790568732	11.8377724251886	7.04770540215434
41.7728352554947	6.82589002271457	10.1868759422502
10.1644390309995	44.3192975801971	3.12747121934196
3.62941725348561	18.3297211389661	61.8292838622952
30.4940754689714	22.6480438013785	5.01188240247401
17.1179352407893	2.89788991347788	55.2198374435398
10.57343935155	35.7231548688017	32.4390622472572
28.4645605964887	38.4401376072504	2.85648973791697
6.60944641875543	26.7839966932237	39.4725686123001
44.3821339143357	37.2323623100446	6.12122998857928
30.3267106555061	11.6183422559958	41.1245218669644
13.7498347152722	7.51239238656703	13.2990279296874
1.04767810602099	20.3800655530673	5.61782629490729
11.3604804553839	14.5153107189179	7.38309990027132
3.43130608249051	22.6547902089799	54.3712714474514
40.2298805491207	0.95203900754081	4.14004689275289
72.5123285187931	25.6886773396696	0.248411111649317
12.8783470079668	57.0707534239957	26.1960921465401
5.66702657643101	54.3071743353769	8.71472461554907
79.1220035772407	6.97217993762911	3.72199132280517
45.244367814271	8.61340188822402	3.46352006470017
4.99273329274391	25.9316867338175	11.6788142415131
31.6597286293561	30.5581458055219	9.72230835339162
26.3260716229333	29.0279378318358	18.8989884308069
6.08222829461201	8.32058722540764	26.9430345981117
40.542080458506	49.3706175821697	1.79884792389295
23.1529546078075	48.4875298330968	26.6167140689756
16.211176298657	1.97214163000329	3.02869258589516
42.7258487524119	22.6509563730336	11.8709147031749
4.62458566977856	49.7875077416131	20.0745734945287
14.5644929793498	14.3288153290417	31.3904770796143
32.4223573936254	1.34138446363685	35.2047680109762
17.7272171330299	34.5252472602414	43.7229621427706
32.2758404688332	26.6295181711342	5.65911587591242
6.84204227609655	18.6706062027582	25.1731100609401
24.7550675760745	43.7101599498234	7.7232657502048
18.2064283258312	18.595877158733	15.8884991500007
2.41357232556379	50.5284256537112	28.7394661124514
33.2985680705395	9.97455041388727	1.76416519180134
8.58243089568914	55.4203963165266	31.626061644231
7.66373346916574	35.0483750622013	20.0786306150624
21.0121492953096	60.6214746649477	5.27909063048618
18.0011082058778	10.1758454973697	66.4490858867993
20.9882715814692	5.54190306251026	6.64511565428465
15.3263385013334	32.9273776770231	17.1372280070266
10.8276761653031	13.901743299282	20.2089431789745
73.270379832606	15.5507532486463	0.88176741305821
11.7246361503958	11.8698149974783	75.2663329594146
1.78914745421575	79.7812969795341	5.22992168796711
2.49517639283798	12.0737522896723	35.5440009550862
5.16969007680644	16.389016442182	49.4004276345486
5.46945026399076	29.7476555824967	34.6616465759751
0.882354379111135	6.81485496778733	19.2766107242911
63.1998400963842	3.78072601919096	30.7460688663395
31.4102444012697	18.0215214928712	33.4228225207994
13.7230674800105	6.07171077563973	7.11741661984353
8.16997094460296	40.3848490865831	46.5399651539232
10.8071209447492	76.9681204934456	0.617453875307671
45.6834589809568	15.8638568668924	0.141427014088923
11.7297824061149	60.4415812811077	21.0982659464228
24.4397309256903	33.7761347805039	32.1871202588953
29.6839992188308	50.7263614566654	17.9114627269616
15.5422636845812	40.6103144588928	1.02690877440707
63.6537284886715	11.8676903247217	12.8243021726721
3.71530484581148	40.1468943060128	37.8681502481309
18.3497604068135	17.7170932841101	52.4431963229753
22.8057427903664	28.6989841743833	16.9894495126742
31.9213109705231	31.1068557347669	20.1345457789183
0.279989885296668	35.9070725440546	10.8193515850321
3.9859969653124	63.3049307220173	11.5744658799723
35.0564609444963	15.1086608483962	38.7532206432676
6.04044581113404	6.92276591757441	36.0722345933655
5.72598981937672	5.65311019572109	75.1934774104475
