45.8924831104896	13.7203872267717	24.0718602780587
5.46157001772037	39.9509616847853	2.31112875151966
51.2098822981165	6.21563643506525	24.0118497628774
9.62671325990311	32.0030539445593	36.112557927199
49.9933883780583	12.3188894765074	2.95288460466679
46.5678779625184	2.70388396582747	8.04082276674026
38.8550333393994	38.0939230500226	2.75226021313679
29.504208280474	2.20084264976943	53.7334996991481
21.0589651582106	25.9357899548187	43.9966014791264
33.3602977140622	25.4307441531824	37.2356375852766
23.9260320197446	11.6621885503001	56.940082626855
18.9771270933455	2.91641787761656	40.8333639804429
4.79804543070404	5.17645357417709	1.48739004576923
19.284436534757	35.1197817060723	27.9510132632922
72.5954254030229	9.00095855305016	6.72568059839573
10.6500412387075	30.873518917185	20.750280619017
56.5106044786566	7.24056833760839	20.9931081724321
20.6610096714743	21.8001255401411	46.9527710913461
39.2993368857071	2.70277401558253	10.092570311433
42.4155440379007	47.0626348848746	4.82395165824515
0.897290884003644	60.4544711580754	20.6037516335974
5.84381292846231	37.3733021958607	53.2138342751255
39.2760339375939	8.83848038913611	29.9612475698633
9.42697697758068	50.3490204225988	0.579620525510805
8.03138432466955	1.03976847652335	89.7237855427544
9.85141047735299	31.5347441153297	54.6579351437548
21.8662913524854	58.0950598968636	7.13290786702787
40.9357447367794	28.1317810193318	14.1078138324003
28.1877775342147	11.251202836284	18.1052618278681
4.18848041640058	59.4092776809862	17.431489712294
34.7933016413792	9.31859272966096	2.25585661933564
34.9187813861849	55.4951273628953	2.1334074913214
35.415888780456	2.25407970242858	47.0463618389547
16.668101175068	31.4541512315414	34.2607852696724
27.1042775954605	23.2982994165729	20.2887522151176
7.89700462850603	78.7520045315623	6.19238093783724
17.933897729001	12.5712110719509	18.2053526016908
7.10268961596428	11.9757273290193	17.2403981989438
37.8738014669501	7.81450379072433	32.1968279463224
26.9096825397153	20.0015879794963	11.3225720875536
3.0483540161738	5.4931357994178	72.0839758273605
25.1236337354051	12.1485624984599	35.128740936112
6.07685032583626	32.7147456969669	16.3729036768772
16.2921801285316	53.5829670045446	3.90622210870787
17.3365674993659	24.6996468048075	11.972639622154
1.01875253069156	16.9897264414419	75.9916564803532
6.38965256809707	39.0329287569192	43.2445061128794
10.4899801362725	37.5789760786942	44.005290113392
48.7196003779395	2.56891367145298	47.0478264368362
25.9051983365348	26.2969660695162	24.1904365011446
3.07686380253959	45.2500736085931	16.6170875153584
5.44759854928013	23.3522075802797	26.5593798954782
12.2582134382139	14.518645738493	72.5623750931408
46.6592034076616	2.25755865790768	43.8205702900051
16.6940348300589	30.7877108598071	23.5304430702377
53.527970264446	6.31473204415046	36.3666115032353
10.3244531482106	10.3828377138743	37.9082169094627
12.0270561948545	80.4315752724333	3.19561329819058
68.4665685372737	14.2443066529205	9.50641278620177
3.051192128589	53.4302872854426	6.72567366004254
82.3110724716965	5.12836589716764	5.41276186956687
15.7111788707372	7.23918364720381	60.5508658851268
22.8699879361642	27.6897563262329	45.8580055021951
79.5921722331979	14.8249045083415	2.73362263233104
45.86647257482	1.32221356095849	23.4590856467649
71.2627389800096	12.7120888385512	15.6213611902769
34.6843318709565	39.3920409676582	4.16406812340211
13.396929071004	4.35527428256128	22.1909491448621
13.3051617598651	14.8041556192581	41.9694199422232
14.904637036335	33.2513115057961	47.8439909628797
71.1096042166974	19.0627971287178	4.61180028720377
12.0042665451785	72.0395292025243	13.7327924434714
66.5070999257765	5.56889204567712	21.4962982207054
4.43999660408124	71.7274932990444	0.705683743909785
18.9267359762111	14.4157737560644	42.2326494670625
22.9529671012205	57.4303016799643	7.02844933002649
25.7810818617144	4.96895625487387	67.5749713869649
17.7607025102529	12.9443554267959	29.2526465511195
3.17400810456556	0.252402620507592	89.4896753083401
24.6273280701727	27.8725138529542	16.2887550500635
22.9921117066369	11.6582909653235	17.1206781254712
3.30400867541507	15.6279936039951	9.41293999059728
35.772932942851	2.3570316389003	9.57690347432015
62.3929182358053	1.24789541645343	17.3081286797803
39.3933449589616	37.8780382396085	20.818530964115
28.8323977165075	10.375687345106	8.81467829868881
58.6624516447366	17.0429861252396	17.9683015299813
33.3360030471049	17.9768358906623	40.3396657390239
10.2749557747855	39.8992025944866	18.2714366904793
19.1302810419026	19.4619319026647	57.4659158277632
64.8044610697797	9.62143745721385	7.69798830510023
53.3770949828332	2.8758943094294	38.5285332512709
0.92749325601733	18.6548599128867	72.8611414660053
33.4299465331388	50.6895092552013	7.40746623250072
1.47287333452742	26.0419156989278	1.73996952443382
18.9373825764923	11.0051712072478	4.1955230777131
19.2315927796213	4.79378910027155	52.1569919083999
3.11486167046934	28.1605388168993	56.038720605913
21.7886459649488	13.526809361543	30.2497489518718
10.7733919801067	24.7891402453134	45.8060376093751
30.5655810192998	11.8621277212455	5.53786233325389
9.84344142947506	69.4405573743584	2.32847528640576
3.49988136603491	21.185995275707	64.224171482131
2.64649833675777	17.5292138557551	76.1200517770462
27.5285043881873	45.4070328946258	21.0107628819583
40.1722217631397	0.853383029277149	3.65678141995183
0.158409355282043	5.64674372116418	43.2391675390486
29.8907159035517	13.0468292688238	15.7121940589101
7.09502804423451	0.272347498811943	82.5200909667276
16.8257118281097	40.5456189254977	38.2641276057177
44.2365552039056	23.9297907910914	19.4464143456176
15.9570859819451	20.6890565439542	6.41592881009724
18.1738127573271	18.9588008071104	61.8922620834281
34.8745698271667	51.0737042646267	12.5470045546754
50.4382087152629	12.5710449705697	34.6587100693298
19.8663585446153	17.2003231091426	7.75940060045542
1.58046917132124	26.1321511706953	48.4166999572966
20.5074839389452	46.5848967184242	6.19528470849399
21.8296357066509	75.5478205045442	0.824880134698413
49.3045529580231	23.4235097763238	5.42577011763387
28.549740197393	37.520160590075	24.9832700123001
61.1485441965743	1.7127331354249	27.9199844356254
47.7543544712264	9.01345261792348	31.5457823367537
57.5574906345259	19.2899920601817	19.238571505639
12.3193459642675	39.7303134853627	13.6975882173039
6.99199419794231	40.8660024594823	44.2176383660257
42.8108699353462	5.35600665274822	37.4163407540956
44.6532747450533	7.85551588416822	45.4793912104701
5.3472310795203	34.8614596458438	23.3415203277681
9.84840589102749	30.8596454704458	40.3366420140195
6.57864553228889	55.6914428042674	10.1288761525084
4.49579991609594	19.1455782480284	64.4306276759275
20.4053614383588	45.5485255203901	27.396011598127
40.4260358495759	14.3833753254187	21.9840598860681
3.3294050969786	36.0636220947204	17.3306539735434
0.42568370719705	25.2908137279054	15.5924566628376
16.8206142339951	4.76452419756191	57.3516312788015
31.2805072550105	12.3138955385955	49.4996790539006
11.1053856607086	28.6409057810162	2.89180325478865
0.538123771798855	54.2052876456665	35.9813021197828
17.0396637716515	56.1521541588717	13.4784427999884
0.852009142214437	21.9003929392902	62.2844426717071
36.7513115688932	25.4311563565541	30.6804334422017
23.2363198992034	41.996549229136	2.16669794272943
7.80015560230247	63.9125046617875	18.5986118477763
31.6887972092669	33.0350482990197	15.7591795622181
4.0879125260226	8.65577813640972	31.2408927507889
23.8069838489438	29.4392997070399	13.4959661464654
33.8364472770302	18.8820608979473	14.6568422273997
4.37883050384877	33.010503199422	9.14549455472524
19.6620373612559	38.4871127263117	39.9639507941734
20.3122174927556	27.21270948053	23.5470609849072
35.1260644547297	5.76232839644064	7.7866304236402
51.7939718215698	0.0267191790168729	34.2166294037442
14.3224260836478	37.8901695077727	2.68427934622591
49.7923927613499	15.6154092473981	24.2176825759083
5.68235069777926	16.8181120961989	72.9018314615366
8.25036373373604	1.86716457915826	48.8096885144756
46.6458570429337	14.7921706618705	32.707813583644
9.35293953369974	11.3066664483895	5.83491344276579
76.7140575110512	0.561856106185287	19.6696360221457
10.0988663314371	21.0331228193981	0.588957174024059
0.812709238758641	16.4882555215099	53.9802405303252
19.7462264540355	14.6742717431273	44.087137535255
61.611243459215	28.4688249362953	3.73652386653075
21.5968014307305	38.6729607072999	5.81333963471155
19.4601310507674	33.2337924899691	41.3485869957826
10.5433359791261	28.2122058925276	36.792388389256
12.7464246064175	77.3880828532335	7.83251701287577
9.50291846390018	68.1316634491699	7.23204440774026
5.65371327365456	53.7533097685097	39.3211330004601
7.20783756450184	46.8974800533138	26.9371763928501
8.32704161681563	31.1827790602961	22.9265076215037
54.7899985009758	1.88974440185807	31.925455355982
15.8004897254521	48.4836551586556	7.93493441675554
20.7602911259794	14.3599697455577	45.3176138667937
12.6249651017715	30.9592413394522	4.58505708006446
42.9207972450744	17.5481261301544	26.3425429939956
25.4077961321025	35.4134829879801	32.1422208250231
39.8634175024291	7.39318030299301	35.0290557532707
5.11877234332206	42.2509807358733	49.7344239380837
3.39148752549267	11.1818533908491	25.0817885739178
8.34831875206359	30.6701743186778	21.8546277479523
18.3999864935875	18.1464874270123	32.6153194683675
43.392121206686	4.41936101038911	16.3245306426308
6.2946067220972	30.1517243171817	16.5573443363222
35.9104234426797	27.1794874347651	36.5464861209255
53.5835952281876	8.59199338992685	37.0575432838209
33.669520138609	9.12465970456817	26.914208394901
30.0084312120492	51.5504841001474	6.09818762452257
39.3886487648769	21.435632333828	8.35053250582448
13.9008931880355	24.2019192893998	23.8536327257071
6.28594472365731	41.379257636787	13.6346782621158
2.69922288260386	23.5751640161384	57.0415092897795
0.582788745212736	65.4605264614618	2.70275012715848
9.3797032299357	19.0467142123015	23.7747751752728
4.65430524416934	40.066900542037	32.6640454738699
26.3810227282257	3.52206295520163	50.5160291914437
36.2189918459482	25.214461062669	15.3948672187491
0.598421693126867	58.4786645874747	26.8376493020158
74.6829154783315	7.01022986649081	13.9382957080092
1.22513305452891	71.3153708126933	22.1923465478198
2.27683824593054	39.3764509071486	47.9131031073225
22.0477578798531	15.3970929400051	19.5169833113984
4.60513453213737	27.5113856082369	24.4443858156187
20.0328401383165	0.744714262310748	46.506983482515
34.9373825522779	17.599721354246	45.9463968155656
0.145103223689414	51.7377025223047	47.5656548270796
18.2842036794332	18.7715230131389	18.1430218360121
3.18328109718081	23.0013835350989	28.2961567529925
4.80873822458495	6.79022348802082	87.1699252106109
27.9516973197235	33.0341295492994	33.5608371224072
38.432549935967	0.183124840344826	32.9751302641701
19.5095111706804	12.6151965524141	0.938202674006206
22.2162251929828	11.7539753726469	61.9732240037868
13.8737027597957	8.68209167787903	16.4117282798568
48.500320803607	0.030350312604732	25.5146154786994
13.9409944014349	18.7440564477556	8.78642350844407
38.8434961619058	2.14352374996223	40.4855975604083
70.968439230215	1.36076035041397	24.5173209460999
12.1443358306514	41.1298792069451	29.3797586715686
54.5604703270646	8.45147655739052	6.65429910023431
19.2419455476301	24.9411301803501	52.8320336960405
26.0733018285005	12.180408096025	8.24392512824569
5.09625892392185	29.3066030039017	28.6622605885669
48.4154185505656	35.4158118066452	5.18489517512959
42.1801026641299	12.7821153554982	20.5937792642944
6.65253419738847	29.1156962183843	26.7214592204995
2.7879862593431	66.0166110219511	7.6795734500883
59.5191775632646	13.995513186788	24.1785949208674
44.3252193016583	29.9781460920247	19.6641874125526
2.13889018732071	72.0049550160789	16.298787303408
17.7314648021625	19.2284886349125	30.1734406641561
6.12219828466056	40.2617438883808	8.39898102376563
5.42073478243348	30.5646427118055	9.96669112237482
48.9214111347317	7.55109982916671	32.2115375344695
22.0134571297157	27.1188451103488	46.7170376082496
88.2525667493476	0.744386623028846	2.20138561083068
28.2679662240054	6.17285827462229	19.3281762391926
1.27625460795884	29.7668783598425	59.5788093561208
20.27695971554	49.4788932378771	13.1287988336425
10.5616178412743	29.2732145307927	58.6388649692009
37.8666515638431	40.5009664783724	3.8068807235951
31.3942078181516	24.9465653788981	29.0877671582102
63.5784381830964	16.0861700382485	8.25467850466011
33.1227475931508	18.5245507948681	24.9664632719785
4.27361005184874	8.88158604916259	17.991263939995
8.83024237529852	21.5075696453022	61.6077336769587
0.238343468046907	77.2356248820366	10.579834045181
12.5537350832269	34.7036859647854	40.3228036315752
