19.6908391172489	0.843553292026535	33.8252116152203
29.5792937882148	21.7996512175536	46.7893846085246
48.8127660233587	10.8309522787253	4.80072875730727
7.3095807374034	61.1684128461259	8.47651022881107
2.26286868670158	4.17779530593091	88.5868627524873
22.5451015972277	47.6622722333587	10.3345321073823
63.0352215669282	32.2388300356636	4.05764724316897
66.7570337964022	17.7550488234288	12.2405697182941
28.2191455029972	23.7051498720912	35.2230046108472
29.1247945880167	28.4352012576699	33.768921640594
15.5280265098103	67.5993800478053	16.5412481019931
19.0986382863944	62.3343189537219	10.9747541653806
71.4446477924681	2.77443570214065	21.4832679934256
7.90466303373904	33.8633652002846	2.66239442986548
5.52842994477992	19.2494729623429	36.4440181462299
0.0204684212899154	30.9742693467877	30.8650358258118
17.6504538476702	42.5311546039447	5.65728275368795
5.70827368912672	3.92247797172632	80.6911009273916
6.37817331886765	13.0052249939205	67.3380052518742
22.4745770089676	57.3692894342212	19.5031963379603
57.0541209341279	10.4918831076901	30.604739268592
8.4100794551941	32.6731879416263	29.8997911298181
15.0958631257973	30.2363750199957	43.1469042520723
38.3902393460228	1.66387860740716	11.3477543049249
3.61266792920077	5.47491288998859	88.1625075769436
4.55775624353334	40.1574872621137	24.89449112904
12.0373198352928	75.3334065318729	6.02252343949979
18.3188021268317	0.839520199615285	68.9609151189033
37.8870933493074	8.98201452055108	50.7055469559066
3.21282474473716	8.49334551416959	39.5751638987917
56.9130940627833	23.9614545479237	16.4119721466731
6.19894634289618	15.3707867559841	76.8583021950248
26.6716889695598	51.1661887872807	4.86436984728294
22.8548877978953	27.7903501539446	48.3018411548351
49.2128110719904	3.81680117166452	23.3758386333361
58.0865754550726	2.77612009214988	2.23618541016997
19.6315598765535	29.1446913635101	40.6392474848029
2.13277223619296	45.9601067686268	2.94362697887403
35.5346753427455	3.35707832284136	47.9333992805022
16.9302159533511	60.7528372950632	17.0529866204844
63.9224934223678	6.22333726204156	7.78645580065737
55.8429747148617	22.6722613082604	8.5959160274807
7.15729594563939	62.1597483577951	11.8941607940449
41.697207624883	24.3030592446695	28.671047430798
13.47774896467	5.98283987770921	19.7354241366197
54.1950873817294	8.81715892293358	33.1824592003517
66.1901986534662	31.8203554636894	0.758013641814708
9.51790358383111	4.05125445874932	62.0264183553059
13.1011173190089	1.26629388018804	70.9889918896318
4.85333386103312	1.11561776190792	83.5005648357331
42.0502382992069	8.15537502437615	8.34511099771835
6.7247815461479	37.5116968236452	12.8825482506689
32.3238829766977	31.9714435525106	28.0117091853226
28.8321352698059	8.29911642163019	23.2529774416485
65.3516714299804	1.04219843682004	4.97663514920354
7.5133509503274	6.16086554069112	34.7390174096166
60.0383462663918	4.41384120118517	6.37184903322339
31.1053935117579	3.79523849291505	16.0927102510318
1.09403710863275	44.8303028218589	44.7477717626597
27.4442279839163	41.8513949689695	2.64151143033128
7.78069394071619	0.2661518288153	2.15679784405827
31.0677574160824	19.6468462793375	35.9299118332238
41.3815167925234	43.9100687596528	10.2402486886085
33.6402897414008	24.397180147654	35.6032012661934
1.07261096177279	30.1555462787652	3.7375836184889
5.89265087893822	52.8398331966437	24.6304839498505
23.9557398129048	33.5966926224514	33.7513669551124
12.6551367867063	79.5111139675188	6.88786153070995
20.5765604137334	54.7662141522235	21.1764647723997
11.1317936848531	43.887588029675	21.1385980812547
27.1387860305322	18.4240799948685	23.5333620214525
34.775133354019	38.7707204272834	12.6167692768466
30.1572733699145	35.0057463324656	5.30131687657038
6.02327813674848	22.7584230353862	19.9467904492965
25.7499485396547	54.8637721943035	18.9147925558103
22.8373404232959	56.7912234723527	1.36772687610599
20.8793397158754	19.7415449748475	50.1549877459905
1.16548501009377	15.0479045300968	10.9799922495056
15.9845894277024	11.3370272383732	30.4828941963999
2.50760312308911	13.0020647835927	33.0829522260851
21.5306514043038	37.169636244499	39.2978161290743
19.6720935495906	11.594940354859	36.8463074494369
7.74904354836282	38.166544324796	35.955035796368
29.1885635485819	50.940033025546	14.0480404319465
49.6107530545493	25.6544522129253	13.3982615607783
43.7216233200029	1.26951206534613	17.2482458954902
53.6260402079793	7.08461176002613	35.2474044706893
24.3776809537679	6.45000255035702	62.1792617077843
58.6313349002187	8.84583169075001	14.5349532433483
32.920230986979	0.563841592783035	45.5993684221056
6.53590103915702	67.8039410467278	12.0146048311212
0.798305822908089	76.9821060248567	12.5785488228214
22.4171529628416	13.7031874217573	25.2785802936547
36.1676750407404	30.518221962507	4.44755275009552
49.9313454841875	14.4846106481201	29.7012446586514
8.13099607272586	34.9306541192022	8.96001290947199
29.5101779650479	60.0421197060692	3.53152221233189
9.96965920085537	14.0083249257916	7.1364284991922
11.3079378899689	11.3822848123416	28.3396908214035
22.994358103254	19.8473998437856	49.3613677794865
25.3057396622867	6.77475012222992	44.9237806466053
38.9586968994507	3.37416427367095	3.62447882239915
1.18782748523533	34.828854275322	8.28434382951089
71.8273127786011	21.362486398482	2.3846694745052
15.5206295268241	3.67266666315154	59.4957105626798
18.6988107015839	0.0198895577433936	10.6734113817445
9.79925124430994	50.6535142896015	14.1905539735176
6.92350310595869	3.48015222860507	56.9500610963209
40.3389440105944	2.01766570192653	37.421070475793
6.38211905322136	6.10942268097281	62.8107216501658
22.2694542362678	26.3392829458878	21.0789663349646
1.28525206879026	29.5732983060057	47.7474802861677
30.7567590059511	19.5924729665706	34.9891809909554
2.34398841967061	32.8682557832768	39.968810062841
14.3511296782415	35.443135320881	2.77787502984417
44.8214388195525	13.8027951185605	33.3744351441853
48.7566811259634	28.6421048588316	19.3929621574436
23.7318202963713	24.781880632407	49.0321279266067
40.3690782563617	26.7216414337613	3.27450703050685
37.8120795068387	29.4186134959658	26.1910785111557
28.562418245041	27.9433863367622	14.3075017325149
28.4462031109474	40.7010986659215	6.97178640727503
28.13083931251	31.9438483249135	23.7943525536891
23.8787405304046	5.3962117086147	59.1921683210843
22.1333323615293	11.5820782778701	47.0162393278518
27.5874570606218	49.9618030385868	17.0246223998371
49.9104907502935	4.56755734261477	0.994564453603031
61.3559602579828	14.2132191519314	15.7391294444628
7.79547123601449	3.71404094794488	1.04782991160072
34.8337700287037	10.7907634278716	12.1998078712261
6.33702017661977	59.4322306846419	33.9893891168709
6.73235352464595	64.0104033816654	12.4142132291637
7.37610697158431	29.3820584795354	45.1520222449452
16.2907251232726	9.76014086499817	20.8165034748691
27.0730626895433	5.69273559641686	8.73523028974199
78.3442094821223	1.56750939859427	10.5293354068554
15.896231409114	63.005060592203	11.3889439550177
7.46083776813971	11.847821256075	1.22396596764399
18.5399672568496	41.0216690232147	13.1855025017567
44.2815818098754	8.98628291161092	44.1178252660287
36.2922099122276	8.45402027873975	45.6940185957095
27.0898837256664	6.92207198912374	34.4512754280359
65.2513355320558	13.9510544081922	19.6910433097235
0.990728242784146	9.20232618656118	1.53194828961601
11.2427431676736	21.7160775427316	63.5827345603997
26.0949162887851	31.9046467691216	27.9143334030706
55.9545398019043	1.88704277476624	18.4541906781747
21.1500022193184	31.3085323811083	9.74176316975698
26.9016399173539	0.34763962046599	67.7900314646727
12.2982282248783	0.307951262364141	19.113264148642
38.8169471355234	29.0528998845503	1.53940315430025
21.7304157660019	11.1777052335337	6.25793473155141
9.51229203935354	10.0820613606284	34.9889850406856
4.09100745063788	0.497880298876148	15.0094442605085
8.87711150985077	12.4386056384251	67.6016569452368
29.0994491563642	16.8660494577447	51.3691815786852
60.4160223903209	21.3970632391968	1.83663070287399
3.87385348038462	18.7646128790288	71.654859311718
23.0717947814017	50.5466497272936	15.9985115360462
18.6397534881904	14.6713180070144	53.0056129456524
9.7145174675223	11.3697004091785	26.3669228769685
36.2841388379615	5.21581904274217	47.5164444407059
20.6276692546102	14.4794100962949	56.0860531200124
28.1254185960281	3.456317309037	35.7295191081844
51.6694294529359	10.8132015032755	9.14052012802126
28.8281124685091	5.69059294913457	41.088410951704
16.4415323252052	67.7084107732905	10.5860606816532
5.48916850494648	31.4713524335396	26.8280252007898
5.42934094808499	48.8195810694339	24.0589860473103
17.0294249043937	4.45201196915098	40.9122823462413
69.1779579358073	11.8226585499116	18.6292781581307
35.1604652289117	10.20457535526	7.10700094099483
8.38973205927281	29.3589383966098	22.6970552572501
4.67518642762452	19.2084652926812	66.3714657381044
8.59062113267864	41.7757264067306	18.4538757048798
8.88199075538758	61.2385246722207	21.0310713020298
9.81237884136493	14.2117291289436	70.2637720248959
10.8566662812869	48.9667260781707	13.4019007037403
17.4867537419716	37.5546244613615	29.6780732132858
37.7700031445222	6.88272454165049	41.2645437946844
8.74117073078694	26.864291181259	27.7059281839551
11.7374863530218	39.6374014390807	10.1842560852804
45.9344148849763	2.44315811546666	24.9386613373359
2.6870902174558	87.3538706858428	5.37178893823726
35.4608103798054	3.32384947842166	29.7570590999709
7.39111975179572	9.13874512032547	81.3242386939583
0.913836155512294	78.4000921893865	1.82470236989888
10.3449917446566	18.1472385852352	32.4888560140919
14.604391956052	12.5296346435927	51.5338248347555
10.2340276400717	20.9709588070265	63.2064214736253
11.7653499412189	6.45447536672208	27.2982082456808
49.2977218000673	1.62424850353238	5.16019650043929
22.63462996233	54.1031331075836	22.4583283171329
45.9076375914307	7.23077217453661	34.8337087476783
41.6840507842992	16.97393228159	34.0060223517968
81.2673959328176	13.1357017965688	4.48279697656762
10.1952999877722	63.1774679120525	25.7008984338962
7.62937320751575	55.9256205595683	12.0407917592864
9.47254859352137	31.0484883985708	27.8669540434456
2.22778334386078	81.0462072869047	12.6042862015796
56.804096212985	13.2188146064146	17.160108972881
2.23246789641328	4.6906843803314	56.7387597899599
54.6453970738898	5.03729540157937	18.3411526113475
37.7564524010552	14.3282451267951	23.4275315065996
68.0677624270636	2.23358962788879	6.05040495565646
14.0711498512286	49.1159710796159	7.84797012240066
15.5485300885274	63.870213815882	15.8653066101788
31.9397093411254	16.435713328624	29.2800012646616
48.9727063332557	23.925232851843	5.0432787300289
60.1407881174892	18.8507923944158	17.4840213346686
22.3249165910878	20.9989043981763	8.60242741583028
13.0054477197143	29.3810354682529	11.6988194695203
30.1170011656904	32.2308160980376	16.563700286934
9.41433851114211	41.1177364369471	31.875751135813
0.94236554621829	10.0504094781589	86.1184438625902
22.0600668909308	40.4857557455477	3.01623060508456
27.1597394846192	29.1746356194721	22.1804066198787
1.26636438130697	10.849682432995	65.3919730639979
22.4593832727798	11.4709573851297	20.7371355130976
59.4407939628888	1.35034970070717	22.6195977174768
28.6421500745426	28.6776930227306	23.9223580453183
6.94459705005614	20.7937025096238	29.6360733125527
37.6242575410866	12.0622798390977	32.1561094988864
15.6780425997814	9.03508812609831	72.4169814365064
11.2237623013667	41.455645971678	21.9184557078027
53.9936799807445	8.9781115804697	6.39470639005057
3.60356844198125	12.3280929458924	5.04347514595998
13.0208058809027	17.6983934443902	43.8201681914833
4.99295545974418	61.0002139867284	29.4636046185454
31.7832455187027	21.6748772755614	29.1767261126902
9.14803049953097	28.6451480484778	55.6817084344484
19.2013382535434	21.0943182097256	10.7218338226536
19.2129808567525	58.5663110290497	15.5358221454247
23.1908944077747	16.9334156983222	27.0414528097219
66.2659750628592	27.3008107334845	1.86250344936853
88.7413309834624	0.357311871069163	8.58445829180277
7.64767406864449	7.64254602028176	52.1853090041249
51.1653217259633	18.5904950455718	26.5665103339434
17.0024570156832	8.60559195680804	55.9267426635729
30.6197608963678	27.8040899093282	34.148917875322
15.2458367940252	34.1628647102801	9.98490308876378
50.8804029556366	9.8972969734563	35.5706957334516
9.41489362596296	2.77134981135435	53.2895670054897
56.1272745747712	4.16404898472319	0.0286714639648197
41.4088943700348	0.942841871149299	12.6813017356588
12.3005589061885	5.01786014298809	20.1334406249847
31.3282950461508	28.0667585917128	2.81829806175935
7.96296932174031	1.55209451986109	13.2159445030689
4.93501234098105	17.7574429743725	45.2055777167927
12.1063037831831	59.7580388466632	8.94221910691923
