41.4458541392562	16.2932242808366	25.4322764582151
10.8017601588749	53.0015938230798	26.8901793411422
1.59803140051571	10.2793722461347	15.629552731118
1.88062898902252	12.5577963015799	81.7989210513415
1.41705246708219	25.5555175829472	1.00516947033124
32.7307368315434	0.603433978093525	24.8150384169142
35.3307410307837	38.4634986233262	6.96798037130757
11.6789535208042	78.434695665927	4.84906863647004
9.38855428685832	3.01092621079224	62.012913945137
41.2219322478501	15.3308161605759	34.3772650856419
28.8611068990366	3.58500629830407	47.7716774902175
48.5427153522813	5.13984742813737	41.4385318483405
60.8807579432059	23.7282949610279	7.15902480630159
4.44615017829749	27.4584044364553	25.9205653452876
18.3495236180488	57.9152312865086	20.4344397505906
14.084315911906	35.6633806301576	42.6044421934543
39.8521860315707	42.6594502025561	0.268926518163144
4.24229279358047	57.726079997479	25.4806752900969
2.37737866229256	66.181549227881	24.6065720099055
18.0229748217496	1.85603168879451	56.5034173226466
24.9410923220874	26.716150076462	40.6275835543068
0.37060128542157	4.67298417569743	62.421253306056
19.1542024347718	63.7368130328771	12.1278826669454
50.9462833176117	9.54531343166964	38.045286265223
0.494947284690546	27.3011790715629	54.6570486177956
2.62962742831075	44.3268002217295	52.4895077350035
52.0160197056905	11.1068069055243	31.9314531664976
51.8009448665199	6.7088650570758	27.773817920952
23.808779252604	0.1593683847037	60.5634453522803
46.5869493999458	22.9216098892137	10.2151719435189
33.1402031859105	8.58235364248154	46.8098405035258
48.4428130781477	14.0727741709318	17.7694263950779
21.7162812229787	17.577503862594	56.7640072464775
22.6883841784151	9.22820694242986	21.6316918943225
26.6196939752529	35.503174287967	22.6415415399901
36.0354666300283	6.50519901258182	53.9199218405038
73.9910312807146	6.81716446150894	11.6415928172141
50.138243963075	2.18056715195094	7.42596574473473
20.2060998511529	15.8126091658196	6.76744706312541
44.5212747643335	13.7168203544416	3.8298821094585
28.6197035241033	60.6832586977087	5.02192662331365
1.74552043981176	45.1764351433033	17.3500349360286
33.8796693523785	10.409257705514	54.963845878357
8.59489241083846	56.6421362369517	0.669432012675997
8.10764050488716	44.3646503818988	7.05312704995886
7.05766450011063	54.8373138321737	27.0706689111286
12.4040388559941	5.88659821352297	16.235652061289
21.7554195419678	54.7928162174266	5.0304450583786
4.34853914396304	16.7951779052593	56.7566746644474
46.0457841614474	26.5067883424958	7.77115933958961
22.382304920993	12.3601545637288	19.2539259881032
4.73925071057829	57.3161077486892	9.78851770506637
12.8848085705586	69.6608653150782	14.5174422368954
14.552838920873	5.71470391271389	5.14344219357867
54.868626759792	35.4380276684826	1.72825595444453
5.42318183249942	13.7217599962474	55.9247064664609
27.0036343145201	11.0399134974181	19.7617555129164
2.75760078931116	81.9770759818969	0.342683028589321
9.37860291887941	86.95500506412	2.55504395000406
9.37400004331674	38.8307104533681	2.11632456729017
5.30266096131069	6.52328352747638	5.03442725401112
43.9923485480213	5.17423600199364	18.7596988485938
40.5315892028304	4.6379729661336	14.2512580446206
26.2010054784832	35.3780058842981	13.0919335005302
77.1334798900101	13.5983746096484	5.70545746279203
2.45569571967036	46.0222758101403	22.5423432991571
39.306560875525	29.8369308141232	19.000657284167
32.174735810689	19.3427444991389	4.58384286825724
40.6587561781792	25.4775649986591	19.3281135146171
35.2866515681551	5.11055165208436	39.8784664645225
2.62272604863286	27.8642198666298	36.9274126072076
25.2701639781101	31.9481159243491	23.1599042765609
81.4248218580265	9.11375149577565	7.16996617017778
12.7408652625703	50.0475103734282	33.1499212110182
36.3601207436808	18.1133526461727	24.1849321984616
12.0956308264731	23.4056644716326	63.5813270060259
58.1483750874868	0.645234436097198	26.6418459017956
1.04599529926013	76.1740828753328	11.1341516073487
51.8668083715564	26.485051227028	16.6408916081492
76.1400823835936	2.92948233100096	11.8840642794427
55.2587596491253	20.4413888605504	8.01095855795357
1.24441101273727	6.28156671593039	74.1601832090692
43.0593384630323	1.4997622470836	18.7151952733822
20.369535368108	14.1208246881705	57.1783875847135
9.42656905829281	40.5029625354814	31.872462822065
44.5221669713604	8.92678518263939	12.5460706243972
16.1024349816621	26.6853900750565	29.8519115102719
22.8168972874139	20.9325305749348	21.1353281145614
25.1278665965087	19.3559682086836	31.951618302591
45.5883676864153	6.39320272318702	38.6473558091779
36.1953018867389	27.2841376845185	17.0718233180567
6.57938975215861	4.43912972902839	40.8218261044574
28.9489735052683	41.6755597766841	2.04200367538352
30.4277666054795	28.4339251594776	8.26293379453147
4.10738280234271	45.8810213701246	15.3474340286792
19.7311190980166	10.3740706156819	46.7235169591026
37.3232552024178	29.5554215691776	22.888897509728
35.5529033744488	42.9420123076728	14.8461870918265
27.1808066997588	7.64741255326542	23.9205722808468
43.5854237263954	6.39091111085886	12.0465373676487
29.2366974657572	2.35420335193826	47.1461678609001
3.73120652685464	4.81028086729826	43.2742931615907
17.3026505006955	69.1587500596227	3.54628265069159
16.5512984229956	5.04007823999975	53.2381337849601
34.4316080838589	8.68056179428499	50.1905020560094
18.3682069733591	45.9616594230578	22.3075626521872
35.5539838949004	17.2806887967888	29.5991296086456
25.8339428928839	38.8160710403771	19.6827296724928
9.63815562875855	53.1080911648963	31.2036190792935
27.6562734635809	50.3909944325643	16.8200083155278
47.8990959692277	19.3046947099756	0.834027724728933
17.7774597042135	48.0422612037707	29.7629512519403
29.2745691860442	25.6995071311013	26.4936528757651
13.9023886126943	27.2426333405276	38.1277973941191
8.88344212848853	72.6080476178825	4.78270030803173
1.52715025540774	50.8369068386205	36.9096489795063
19.1547014839736	18.6702327889717	20.8746087834586
1.72262280328321	6.71227760925529	0.782155944398677
25.7523478594387	29.0507286922311	38.648636517417
36.4815825300671	12.7416134871271	3.04473494321328
0.948224822500825	31.0290412656167	36.8289695292846
30.7345036560365	2.69711567214556	15.6683403140252
22.5787472550658	4.92308545155594	41.8602919866612
42.6713741117489	0.517031550648171	35.69335976415
4.23870966967135	17.8877713707684	24.7408792026066
52.2973034308745	25.1433744212349	5.70203676154
7.74146491090835	40.9618629799047	23.7972971628407
4.8527279425658	29.2655688381128	1.16223837303102
28.3811489717947	16.3357812987341	6.39221915341551
27.5334188377175	9.6365904014728	3.7524324859271
11.1977176792909	55.234163699315	1.91647391855553
2.69081890708339	16.3042681367622	45.2717276500872
14.4563163232321	14.1117815925329	47.2856527880233
11.1229405790209	16.2453537416856	69.4474369610881
33.3375834549487	9.3551972924523	26.0616541495834
32.8758075986411	29.8732771677306	13.2971976479968
11.4149342809873	39.3588176180417	43.1123106475511
79.5292861664338	5.26683838351948	5.70496353586435
8.73213522542833	48.8042235601713	34.7976927807544
22.2162687788793	0.693706656197881	11.28993859109
19.295830288574	61.2902895832855	3.56525131667277
18.4977664232709	15.2899090271862	58.0673962636233
43.022098458848	4.155051244495	45.7483745858764
26.4410520095569	19.8208887687982	14.9338061990839
33.437301560043	32.7848296765167	14.2500250666635
41.7242944900525	4.13241121179071	8.74618394707617
9.13210493006376	66.8299271104997	6.19070721147149
53.4990285306699	5.05837612089625	37.8145487689481
17.2698909962875	35.0060020270785	25.8131941434989
10.0537163252261	66.850593530969	4.6256041175805
12.0964330677392	15.1504984196045	53.6919100925754
21.1875900259184	56.9648918029689	16.843125371655
6.73666652605714	4.29206220632981	50.1069661463178
11.7084455730899	24.0382618382751	62.8738561006607
20.6868913586656	12.9269425351764	4.78006461857821
47.0255016102574	15.658490087678	22.8956285970731
31.839773492813	29.6708092231633	1.62794138380696
21.1440356546752	17.8155972239634	37.2808608865742
34.3872350800723	31.6459298746874	17.5535475451283
28.1483488754129	26.343716041345	25.4135643716033
22.8110625049151	19.0347616649395	1.92218776881797
24.1785803456691	11.4829527267641	43.280601195656
28.9839461580775	7.31341955592549	61.2521559750904
26.6874313478765	33.0813542162447	1.0325408079813
24.5694914947122	14.8939390270477	13.9121120860391
52.7567684896089	10.2086547344032	20.1629771479233
78.6788124026166	5.34735960203566	8.47917311288378
5.18173156547441	37.1776576327056	25.6813106712332
0.257909670592244	21.9758191713951	64.031280374169
3.5828814858491	31.8531470987262	56.9203500435317
22.3917632933668	28.1867582482224	47.9628104474222
13.7272941012528	23.7625727540639	60.5123354403825
4.73310640302166	12.4298147449409	79.0769073549085
32.6736385154881	0.403340486997431	63.1852502763203
6.87065013072949	15.9691521506613	21.389964046604
5.15075414681377	8.99418769823117	11.332758009123
19.606953356232	34.2310619699913	37.9768325192746
24.4421355074468	62.3309798828936	3.12844682630545
24.0762609169242	11.4612447616929	29.9065436375824
24.997213121968	42.5089380436153	8.14648773900535
18.3472212023787	1.55231454481944	12.2065593079694
52.6607062912829	5.7290397145455	9.9089302168735
13.256037287999	8.38749464991851	4.16191513843924
23.7324311042821	2.2000375214033	57.098000802611
30.1027260395245	1.29885631673916	15.391932574749
1.54716163014395	26.6652766273661	65.8760178209636
12.9165206630326	83.5388396789966	3.37316072703021
33.1667154250512	18.4256651990235	10.1749216253752
30.5142466586615	27.2610877301828	40.2440360003356
14.1875455687696	75.8473093043302	8.58937218253937
29.1189078377182	20.7608698032614	42.7514677600709
7.64723471721971	28.3865818420363	59.4668499936661
5.92460623286879	32.0323052033933	55.9282098691576
6.67751077873516	1.05839832735173	44.5411398282932
22.3947709064906	39.8747404291643	6.44476572351752
12.7626973263746	6.44424269275937	21.7276395865379
13.0071674999814	24.5471840838656	29.1487338622793
71.6696782371354	5.75799215853121	12.4000702111051
38.4430675946377	0.123465433774267	14.0012776078662
25.4349278870201	9.54528581795529	40.6818793344693
19.7248652669251	46.0186366206122	29.2190424302682
17.4293723504196	12.0843682028746	36.6215787067179
28.8912924606778	31.5290102416319	21.5258790280325
64.7595031954159	1.63740161882592	20.9392466214203
33.5224217891332	28.9932343778169	0.398701196722081
46.1361684119963	7.86773269431094	29.7095410664145
13.6240200203024	3.19347214102441	55.6578776592658
21.8368488465607	26.1083227703852	26.2021373148086
11.5429701337325	19.8984017688308	25.7997622367925
93.7376030225948	1.97047316561009	3.39065063902673
1.00363036664372	29.935047929145	3.28495991569243
18.7213018158084	49.7574500505614	8.43072031085878
13.6502272047336	34.8248068871092	27.1844615820723
75.9493620488557	0.147859379718015	17.6152284339141
74.1014357069979	5.0342821073878	0.413971999852905
43.1284610848541	4.09798622322175	41.1537449998566
38.7682601058708	24.9385301605512	22.503307658482
30.4938783545484	33.479210982788	4.07186164710292
9.98450858052099	20.5264719298698	43.9337386954267
23.1711751889303	2.03142892663899	74.1524116481433
33.6006045032295	28.7837515253498	4.41205823068137
22.0219875788419	37.586274900281	7.52696371987786
14.5676590570098	9.31638656617905	25.769747991939
3.4252690167284	33.3280793546364	9.54714771804733
18.1189610241535	17.5555067218633	62.7210969397431
18.4042013801654	4.16223597906634	47.9687691423897
15.2681258578171	40.3393938393981	6.14936161141347
9.39332796698126	0.175324874080403	37.6987055119587
24.8708153259339	3.43162710938213	40.962412832753
41.0693420288476	37.7167410392858	16.5670460632849
27.767584485825	12.8067684885146	38.8541049970566
11.1524259723501	22.9301812699671	33.5200366720185
15.9248490426339	35.1450835518283	25.6363701660355
16.9262663540087	5.20263426248107	62.1491852040166
4.42698192988847	31.9795502498651	31.9640080127697
4.46404717139157	63.1381038870374	4.97703147352535
0.201855320577442	14.2984387065742	13.7194951594432
20.6593386925102	27.0151640414331	19.0107789444787
19.7070635015644	24.5437030329107	14.6109885138511
45.4818930688696	27.9973569456476	22.0499951960752
27.501249419293	34.6230358046587	7.99088529683225
37.8254294571585	31.6058842146797	5.36678987805116
41.3529509405386	5.98174692410126	11.3191539940048
19.8554013482553	4.46021626911136	45.9457173226148
35.0786387152405	30.5557481621186	21.4692763152855
62.9118318031131	1.52744660225112	31.915614629125
12.281727191192	16.3305074052562	61.7332540274287
20.3064147943195	0.855417875971374	16.8835870534571
49.0891127144401	3.77926062968525	25.1181630069009
0.446395529641954	37.9600376533158	55.4027507805278
