47.8628881964194	31.5403841117119	18.2099976196
12.7686012130084	41.413921695861	37.0246439413282
24.5433028436002	33.0920368121434	24.5869072268656
30.1789061772539	25.6359933994878	41.0686673322081
89.3366565412547	1.95944216193605	4.21592947291952
29.7936624054768	48.5492908156241	6.67206491654369
23.3218074419172	25.0020037521617	5.8730777380397
27.2026793692273	2.08604522146566	22.4887636594888
23.5140043885978	70.3330414697216	1.04763009634224
1.95744936445609	24.810580362012	0.938991783624045
7.84027879491461	43.0196657045836	29.3737690566917
0.312043680023422	9.59278536475859	7.30389212598274
8.10892745298749	18.0684273680991	65.0198336527775
32.6879236068055	50.9181056874423	15.5082702708935
21.5050529788737	1.26481624379047	28.8427997514805
33.1883847868016	6.4953967959133	43.2105815704961
42.6436545525881	14.2145241676897	24.7899857465131
0.188396032987347	45.0618898240206	48.8897770870895
63.6772961652266	1.52938212339272	4.6565684977251
13.8327731815319	31.2089865241242	16.5790776799336
34.0958037572428	24.2459983212156	40.5764857496025
85.6040833916534	8.13901638991154	4.39648395608947
50.3612163245497	1.0210264478908	10.6435637039335
41.5045988007936	14.4795517504586	4.2678691466655
33.0886029792431	15.8667858298248	11.5595604346877
8.38590911980062	31.160958638024	1.86683628795055
2.00977423321911	23.8837272971327	30.4166254263449
36.086828231852	55.143470529068	5.81880808147546
15.4926819798968	69.1503829644762	15.1013020030695
46.8505290555072	10.8250578915817	22.9451894401317
21.7359085668511	22.6987241407385	7.67154028065109
57.4021413723948	4.10453467820982	14.674717241281
38.8759612752478	35.2259017691137	14.9038103478513
5.09764678082319	11.4957836044467	68.207892667599
14.7017103688334	45.3563039867935	25.8844266766144
14.4848165169753	74.5786128912953	10.2365084040149
1.58640323280655	21.1143612494293	52.1069052406153
22.1991946558464	16.7634238567033	10.8869839510354
2.95138326610969	3.51124354801664	90.3814223550174
29.551024515904	30.5804985717779	26.9071173048146
35.8145653902621	20.9870316651589	7.46518876751195
25.195044337397	61.9921678034552	9.86300996032684
1.63513682858792	61.7051232893509	30.9080717297774
29.1921572430023	10.7349430260877	23.027104569146
38.5066406049331	16.9340788931279	15.4771509652385
10.6049616870493	35.8439510855097	39.2106341846337
19.4174406674772	33.5673340752569	40.6572717896929
12.8063839919895	19.7484851906768	33.9295753435835
50.2689769259975	12.7333631332653	32.9531850446729
58.2746095295412	26.3243720523661	9.96898808980779
59.1735963053878	25.0270886928901	10.5274012826976
64.95167243525	4.93325684449322	12.82477444635
19.708786727725	2.50008073751818	25.7877139960358
14.0275644669438	20.3434272298326	17.8460727528883
3.81816066979345	50.1764079789521	20.2660629154491
18.4711510867212	35.2005996439609	19.6705266459242
17.8048354190797	67.5024382153072	2.08054306082453
19.6899068633513	27.1006909325256	49.4050587291853
9.78871235148456	43.866036014569	4.86915139708163
17.7562641528231	20.0503325183179	15.6289946360649
9.86839263228159	1.86938555066911	18.2108020029081
6.34675850455964	55.8814421090677	28.8929399703131
17.3045434603954	65.5057703915545	0.0566828530545732
31.7491706608558	27.7781409340809	6.43529831731473
15.922995477879	4.68054427983265	4.58985511427273
44.8136346157704	25.4871234882097	5.11828600667337
44.2755448838116	31.2220646679504	3.59232314098269
10.615593991529	33.4587521541206	47.8904607928779
92.4318571539744	2.31267702873455	1.94619190969793
29.9498683912446	3.80857200539139	5.87475821649412
48.1681502648481	13.8929572952413	22.6496860956073
13.0913017378614	71.8698963857581	14.7505725802624
22.5006025854967	19.9616388045073	4.77801724559535
47.5280162168332	16.8585666533832	31.9386756196333
5.03000687110704	1.47466934354728	1.9138989513339
27.7955289593877	45.599372193962	6.4093099471225
30.4691942084903	26.2691605492817	29.587511033559
12.1372076739265	5.19907768126534	61.595128086207
28.8690995559418	6.87314649432578	56.5141668806384
13.6478823207542	0.769155007213892	26.9925075708854
10.6057678398703	54.6162631617003	12.9353182916228
10.1422342984668	39.6141979096523	36.0978001896747
49.6975586981036	1.37379346479373	5.41199981486984
14.8583518410373	16.7884999964333	37.6233738090952
36.1206065100248	44.4457870649387	7.49952183454275
46.6807561678257	21.9830855829562	0.603506341857606
26.8976437518828	6.47891532000104	58.5170279529491
40.4372608011762	6.13085297221823	0.216400669988431
35.8014142773121	9.22296275814202	37.9668717449377
10.3962616112066	43.3213496316789	30.2025793260907
8.36051325703064	25.8135432963323	4.5893440975758
8.53316830868515	5.29395393342429	38.9775828639872
53.5567648026891	11.6351341417223	31.8845484088569
54.7805158676489	20.078032286874	20.4937297480617
0.691330666044415	55.2844301123565	27.5155827531198
92.228981196987	1.55506669616097	4.17063273683685
18.9007636247672	47.7841493430474	12.4338078836137
24.6939406845225	2.0128320911959	6.93017170155895
34.921381126587	32.2808791567948	24.3569280599975
23.3449500162829	59.0373856290418	14.0645942250567
11.5224393138301	45.1815224463034	39.3217998739899
60.4605234043955	0.227149156959331	32.2436622959765
17.4948138731973	62.8093387758403	1.42546775817194
29.1212223140156	22.454336947973	1.11256465367627
8.74595325847434	54.7761444723122	13.2254658794149
5.77361216106155	10.8261829292524	59.6883218547741
53.7367439147722	28.1551268082834	14.506814356198
23.1456157859162	41.2096305942208	10.5667710819127
18.3445370841513	32.0935712811041	5.59729156345003
11.2980814237604	28.4139852171829	29.9054121272198
4.63176723785315	26.2708812143052	5.54231899117228
10.518153482358	12.6649163722363	56.1426434927353
85.2151139104809	8.09327252586059	0.925453566445715
8.18630881057415	2.86708683840329	16.1970372387194
49.1020910670525	29.390189065314	0.415478460684176
58.0802934049071	19.4166533273722	18.1776086884447
2.17206236076172	52.2142926008507	19.7125669660571
19.0625612712757	40.8020101211974	15.3777516518616
5.33153764220492	19.9341925885222	15.6307639626929
51.3130860642125	32.1521311682426	3.19827981442133
21.858321047322	65.1047925767977	8.66766209186412
7.34635475433728	14.0557615151889	6.43724799455947
8.61930880165627	32.5366057141389	41.8323251613566
16.4927241934895	23.0217011286978	20.6536629799072
32.3810621781186	28.4865546172888	36.5348916670936
39.4583126248132	23.8173495157703	26.0516521176564
56.4674753493012	9.78263463349204	25.0365182408302
6.17213906076371	38.1293352405212	18.2143738578141
20.6303743275955	14.5833758239557	54.3301748364839
18.3205178092795	3.7907886802176	50.8659212155574
25.4170732225371	6.08354015559123	64.5374872556596
14.5342362646639	34.8884056019077	21.6959525466412
8.75912118179683	10.4112113874458	57.6172754436812
47.0885109375643	41.2010846851399	8.91463892018173
9.75103867694318	9.50791715155724	54.9730615480677
31.9956016410122	24.0818813555324	33.8511138846404
6.17889589917795	14.8188920294954	21.6899399746628
2.40627150163347	43.2194517195315	38.4443072781173
61.5465789388617	15.0929092965521	17.1192033296075
37.1331872591438	10.4107718963226	7.92123643118946
2.07784352920849	15.9952469244577	68.1704626270432
43.9788452554396	20.7691173165893	33.0244783000203
27.3479259700272	0.328427972424975	27.2242047950738
26.7067018089382	4.43821153810164	66.6024690804083
0.279237749185058	47.1954541966298	22.2969689044622
31.4211025514738	2.03739102093381	39.8733581136322
5.80027350494651	0.613429677027012	49.1480343738329
1.85627956029786	57.8280298774261	23.2908764496869
38.4975910831697	31.5028831975082	1.10757947019654
1.71868004916174	16.8199203055445	20.704095866859
22.1496523926731	18.4494268235049	34.7547698927833
17.9629814894698	52.805848118293	14.8729960037735
12.619172741016	55.7236109188402	2.27784169943903
88.5361065569036	6.07225243284938	5.18995258267501
0.795868737993701	0.396688888034173	79.1425337452174
5.73808239108794	29.4268749325661	46.7335956854437
9.68304342109852	30.6357055579478	0.251496676472713
27.3500719700707	11.8233040030223	55.326922030806
0.753449695535679	10.0111863622494	2.36147344222361
5.53900003691157	83.1314978111216	0.606837729274685
9.89110339893545	26.085488556924	38.092305435842
49.0767918755658	12.7254090331147	27.7499297297327
12.7247548255719	0.208991393544242	7.53736137763474
35.0129160261773	35.110369806695	24.4664735274699
3.68280639112126	18.8406849833395	23.0871306374144
31.807812550947	11.3546324946706	23.9938095789374
31.5052815394035	20.6119185409564	10.6199737687688
31.6716627365312	42.6615338505532	11.8590281865834
9.20955618340967	60.3807247990653	18.2411199986195
74.1695468659371	18.03906430399	5.96240996660777
38.951544947434	12.1802405045276	25.0626511522861
7.23475246095786	16.9275538143364	24.4273219371342
50.1224380219925	13.1937091765896	7.0027655023163
32.4000395053998	9.47129177370634	19.4307257511796
54.8810424538707	22.0072724027593	22.352845325299
24.9905860167884	19.2307166379088	12.8280961014461
2.62562125112192	21.2021107884134	16.9087744396686
1.96749577390379	63.0127307321004	4.47215945668153
2.57095536336813	28.6388852301235	63.0627828012513
14.3001163444948	58.6028858826509	21.5174693248782
1.64584270755101	46.8863289090275	15.3101280868566
40.1841421798729	4.27935198148682	10.1078617433588
35.5253609062756	17.4269244621633	13.0384973311045
35.6608921828032	3.93109168109069	54.4061620041757
65.1816423820246	7.58785247224749	6.27392046445698
31.1565292678571	4.10239636157751	19.4332392976774
28.4116925338338	6.44082408698314	34.4641243733764
22.7229565022155	3.28731723282827	4.79134693964913
4.81673525870626	14.9430808215137	22.2333152416317
34.322580711135	33.8776476838988	14.2783983211398
8.49111285456043	0.24649915296887	88.268518768376
23.6827897483868	6.47232476923257	6.93962066757475
6.35066712570873	19.3046295639615	29.3280839590952
16.8294854540515	12.1955825538354	69.6335974008001
40.3331932333918	27.9719135854262	14.5730181199373
33.4220215833848	29.0185132664715	10.132173034424
36.1304660961639	9.31483279416097	6.42421357632811
4.44084508551324	36.0768864099294	48.9592798747864
15.3518212564997	31.0464195586026	13.5058895282009
20.6645468811805	19.9603896681035	31.6775298824895
2.52108238754844	82.7181450010827	1.23544037399601
22.0735930009156	36.8266586385791	5.3093377525496
22.7959866275992	45.9734892686706	30.1230815379522
6.8693546610276	78.8117865467499	1.36183104541238
34.5384820525248	38.8171999896025	10.2785459767462
14.3733398590113	52.2633602154736	32.1739963871306
10.964754787723	26.8362206997519	16.597488018031
21.1854703823037	41.5584126215234	8.50788681232738
24.0514000058413	21.8783403383001	23.6046421451516
6.6659818900125	71.1678059171735	7.34886550686735
20.6582461114313	12.6572108886471	63.373818231455
4.76528508810573	1.90351028083987	45.7380884074318
15.4024432950665	32.9198472355119	37.1194923469422
37.1027516373912	43.6298979183798	5.49612706783047
38.5258012630631	10.8318999460116	6.40589869879461
7.95682971736269	75.7905009555586	4.21370291347322
39.6697709521604	52.7645916923716	4.56246179740991
22.4260290257754	16.7719445269424	21.452336163005
24.8282202169431	17.1829657709147	8.56942022618345
14.3113776176755	37.9808384170667	18.132447599495
20.6460629685996	63.6375804262411	4.11519208183288
9.79725849339611	7.60861733351304	53.9125966624881
2.37537841423199	30.9412986184197	47.371120772963
68.0628027152563	16.3634076790714	4.75634634716266
4.41851080601034	5.76150156825851	13.5655465133328
