21.9058033180916	11.7791613153085	42.4760915071126
42.1190981949303	14.5328653112673	38.8192775374368
6.66536265363235	40.7393345333353	12.8155082058234
58.1288199676801	28.1926805284771	6.06299862547917
24.1612590961909	48.5365426859523	12.5466540048582
15.5318187622036	41.8840095130187	0.696009304698561
31.0744103188973	25.8995538698042	37.8717083660288
16.0739998873668	17.9329113186956	46.2971110112486
3.25524564984033	55.338648127084	13.9371446398725
3.33456830276855	29.9814251856792	38.7996291922404
18.5971230355078	28.2411691864213	3.90975475493341
13.9245610283336	45.8396653858198	26.4110016293875
61.1104399716065	12.197250459435	11.9025843273395
24.6436871702986	19.6769606413678	36.0346619207573
14.1824417347938	14.483758860493	45.4354380003342
11.9342220071397	32.8911326513119	5.51732792775954
36.5777021444299	29.2455969048876	0.028075836611947
8.75222050061087	50.3028468928779	6.8404017513806
0.373582448984302	87.0135145667072	0.921066385191431
19.826687043452	37.1855488220162	33.5759233839698
84.1947906577004	0.0342451501797164	12.6487789734494
51.9225364792731	2.70123956850788	19.1507006618896
19.6108627224392	62.7471640998252	0.164061645122274
43.0639006397984	40.9832633756955	13.8910025888546
15.81404587059	21.7972646103228	58.4838305406663
3.26844146627395	80.1768157073189	14.4831467487305
3.64095820283562	1.0128410537787	30.5234908734092
12.0545100942508	43.4671673660479	11.7510870153788
15.4758343079481	32.0473772622866	32.6001772808843
4.52615479218129	13.0269954973026	49.0149477259326
47.0495822592869	8.66739410379314	24.6124570372572
32.9231186923213	39.9894469138186	0.343808019693851
11.1758881300576	57.4765725328944	4.35960139350947
3.56145915741169	9.13731856697114	47.6544457244009
26.5536788509012	2.6671234065048	8.81856088937193
18.618100052056	25.5306807465529	19.4174280014902
73.8735994202428	1.39732393501202	8.82287351825408
17.0487227929052	22.4864265054867	35.6190695127561
66.3994848571715	6.5899252456566	26.9849360580486
22.6456648775589	1.41196297547406	16.850470200577
10.5839957066737	37.7720925667193	41.0526254405513
8.12034118367375	32.7008128784135	44.1459333729678
25.7825078097091	13.0210009929822	1.12475827388687
16.3759563660137	45.1281485357919	15.1230191882341
11.1010137997107	36.6398442241549	40.9498482667607
1.31159313084166	72.1885728985949	6.33341018405436
45.173437122802	0.460699433675362	48.0446943305641
8.69955788771601	62.4584044620667	18.4954458933768
38.4936499122966	16.5824133048683	11.4363508352248
8.24422436218905	51.1191483825069	6.10333755896582
6.91746319966273	61.4614927961777	0.199558260012212
27.8304548598036	8.52960739681945	58.2140347725777
2.59862411888252	47.6505584771049	18.4351181697264
0.345163699400222	18.0171074429607	61.8990643238179
26.7922675827482	29.8249860898708	16.1181965452238
2.33923983869107	3.56016811149203	21.2760677194577
7.19146691597601	14.8853181464995	37.4113989236818
4.73546446521555	17.3298919188464	53.4763650752028
37.3603737621384	45.6242207650208	12.5954558200182
9.56690353786894	49.6453067518982	5.66120632256437
6.44845404031149	64.2117321790251	17.5872804213256
17.2619187819128	0.643489463554458	40.1072692778461
19.5411748343805	15.1537082694255	5.3866963392993
0.962673314364009	32.537565255788	62.8937382078235
10.4089577730787	3.11844949755745	85.4335745728731
45.0072113168459	19.1361852544994	8.61165654315225
7.26645337756092	40.5923570695298	33.1326828958153
12.5635972770693	27.6457117999185	34.770000509345
1.00059290463132	32.3745714651302	46.6992579618
7.06730648273011	79.029106106157	3.42791825692538
80.6322465094888	4.73342756961166	8.98643103846648
8.34298134238598	14.9605922004956	36.2029990815572
12.6104182622444	10.7276607354766	44.4975695780001
9.709279988757	11.1040455340892	52.7968177817747
16.8919637877922	20.3683463951425	27.6411438955186
37.1139722117754	45.90099558509	13.7866381619995
21.2701793859108	59.6517754530775	12.6535858552221
16.8564256824816	35.2698753286478	41.075190036127
32.5460409431467	39.9887309130229	23.2846190330035
18.212746325048	21.0920705092568	53.0246131834689
37.3347011568652	33.3485063786379	18.7774157239019
12.4573943263187	27.7107271960521	5.25404792523666
15.3282227531673	6.52087568609085	20.0827483646957
12.5011692347476	26.8471001306768	52.7776520479366
4.96313423149434	36.2027741205891	21.3051783485828
35.8940957281245	56.0178949292833	4.9018183745918
26.0136009780753	15.1796443458552	31.3387388509413
0.912338961340645	25.35307501692	54.514709233546
16.3837972639053	4.05079527015369	10.8496991036691
63.9498642012244	0.512795942142976	21.6918903038334
7.78953745392595	10.7372143821498	66.3084452814928
4.79542850740041	26.0688121551968	1.74461770883976
7.83153516605102	83.972032546984	4.58394712981952
8.06235820430441	34.7436827303579	44.9092748318376
5.38855837908972	24.4132230637657	43.5133802907138
31.9724837466946	31.9913898743649	33.6129569139392
34.6756220025363	14.7551539422735	20.8490533385654
19.2396466244197	68.6794305074399	3.71557283388245
1.2762088800204	16.4890280535859	62.3636568721215
22.6643269521484	12.732837122275	63.311959366925
77.0527089839115	3.24462717550091	1.39509425563509
36.9452405427328	1.81001145476942	48.1895000432569
21.4033474314042	18.7016884883408	34.7890085702711
5.43781239792603	56.5673433507641	26.4090660151136
0.271896924950134	24.3645448351114	61.0760938194935
39.0177591885523	6.11689272621502	13.5811656311067
59.7445586974474	26.7165584148451	5.44017618775376
15.5749683340895	8.33091563933106	50.124649447447
13.4104456349325	21.4458890824792	32.3040840366409
13.3105158867829	59.3037774131185	16.3310878986172
64.0639545694291	14.4436977870966	20.1109740045438
1.50658795680226	26.967796230208	34.9311927496135
5.92997605257201	82.0794210685787	4.17441218354479
14.6661935442436	0.216398900475539	66.7434905035158
1.45947747000469	44.8884335555548	29.3860464493679
10.6821610642048	3.83197935476526	51.7132230343824
19.6169139443044	49.3504497452408	7.67121068559178
23.6568427289169	59.4934362263854	4.37506973015846
4.49942653276931	25.6160481020883	66.0604920080213
4.32136408254568	3.2079747427292	40.5899417309975
18.556065772919	29.2627135893622	40.0022738333802
0.351955462411025	18.7673666136187	47.3960058984328
9.34132035325343	11.7434294949022	22.6188358024782
11.7331539335349	36.5887654184311	15.0677428185324
33.6515030514689	0.589332962683091	43.5294370369657
35.1422625757485	21.0938054700819	5.63734215946744
19.7496300189521	48.2433294636399	10.9441780536176
10.7464822059248	27.3444905538785	8.76511587238178
23.3479865469728	31.0916330810132	6.05221479481655
18.3500019453233	60.5677072706482	1.082125539464
26.2522273353544	21.5180241137361	27.6673334779531
0.129094161153349	31.0749216615571	23.6406058183129
0.667019049016302	50.4914671883413	17.0583856371503
32.1084964238612	2.77737290727784	56.901177930134
6.43853275405175	9.97802215161641	78.4669095550044
46.5900268622628	29.1460221769037	17.9432518863786
9.09042722037548	67.7443132119925	10.4085237767587
23.4251180772787	3.08737526791514	7.54628661440047
4.90667927307388	8.65664715350449	11.8423759061109
50.6665635624279	5.40521401232351	33.9752590441961
65.3207305657308	25.5023793901794	6.3802723336873
0.242016045489356	22.0410503549692	27.068482026024
60.0383125990808	22.5214670051455	5.87109616299677
79.0078590991943	3.82419219418624	6.15879679385517
9.29188090809243	15.8322765565628	53.9642439475116
5.51300426270487	13.2476746632008	52.1678632368184
10.3435031186526	17.593920145926	32.5909089448819
57.7168467257716	24.9455173150383	2.73332260676349
25.190741533968	0.956045510692543	7.35780867159265
18.8601096714195	44.2475262769719	32.013025103143
9.75068151473565	9.49627873929975	1.38231255178447
33.8718468481078	6.07430418304834	29.108688714499
4.00262414664152	68.0936775487353	24.422857037011
29.9783568968896	26.2645227025563	12.8029843386277
44.0891349427817	11.1148534860065	5.09385774149273
45.0880719558746	4.238640099875	48.8494931016348
9.60243600867802	19.4339278244571	6.01780135464752
71.7564219477383	15.390389326676	0.81432550252151
27.542930621441	9.71934660790458	36.2417123914891
58.390925991531	2.86018187313349	2.92701311545773
43.4086850115138	25.3795382684933	24.6716078485696
40.0725030061195	25.3461828107695	16.0448382217646
38.2431182722762	5.98897389415138	16.5070667939759
8.32763463646529	33.4586606051115	52.3988145647565
76.1682885122338	5.5789261151007	13.0472761173953
6.8934349840942	47.8106545507026	42.6643169218042
3.93690606762511	49.9910509446594	42.5892973517018
51.4290692058527	12.828318128748	35.2588043712353
7.51649705111817	24.4824857565027	39.7416112663884
49.0627423622938	2.46503129716266	11.8316392935028
33.4047756313369	30.475547597965	15.2997850046026
15.5442488917821	12.7967756766811	2.82912431416527
21.4973794396489	41.4389576490219	17.0056168069158
10.1643822668886	0.459907483523669	1.86894503509111
63.0634110714604	6.41259253323665	8.01999881305732
14.6678612170126	6.57424321704276	32.5292731786749
39.1974761798966	36.1035167407726	2.12218915211139
16.4362946136092	9.86139090259624	13.9383800858345
5.39108831686484	14.6918231224137	52.9496704474788
18.228429843778	62.5946340908271	11.0709418594236
71.5059490741724	12.8205708753413	3.89776593255706
14.6415107951693	4.89334855456527	40.3548926302953
25.9488450484112	33.8063878630318	21.4116936183589
39.7776242996462	8.82175672278821	10.695547336105
19.1283268477434	21.9013443318668	26.8037838986161
47.5508065650011	3.6573201900615	25.6631259925957
42.8319615977034	0.240886444338079	0.450493628368943
13.5325431886746	11.9557682946118	52.2892410644746
1.90093233338601	40.2890127805476	5.94508135968125
20.8796759698911	8.52988469811617	22.0925439252018
25.4783839105993	23.7662043533131	34.3379067882606
6.9590589529644	1.2043237226104	88.9566324599817
0.50437124469521	22.0525640165678	44.0179087426597
34.1948766420571	19.2840609323625	17.6975644276
20.8228367477762	13.5592931944687	31.8463658596605
29.4510371188871	24.9740126659041	1.71364033674525
32.5741766638002	4.73124664497154	0.998299196827365
12.5355515221765	48.8494083512805	32.4848183582001
7.52155627474261	33.1407884290166	34.5753730901402
35.4980532710897	10.6360527270641	43.1730535548055
7.16466228811287	43.730410534763	34.327207940783
25.807162945069	16.7511665340286	52.0792018399011
46.3559821929578	21.5805026337414	10.7749387672054
28.6198495089169	0.308467820430392	33.1343745967068
21.0364368376492	7.47368932118346	20.9955373876707
11.7479725329894	15.9737682510045	2.68987477882294
48.4423260895732	15.6089814918158	15.4538749323477
30.4444998178838	25.8611111556464	16.0124619565962
56.0361016336997	12.0620179511895	31.230618400141
22.5109069712976	7.89573584119591	1.25094461313027
61.7318603497613	14.3073001011774	13.4079118321687
58.9255564189169	23.8541240914977	5.9451943291096
35.2753676638358	1.98746873158378	10.0605137693046
55.9711510110512	16.9372271359606	17.1154263974705
17.028812699499	4.69888700391114	15.4820315146269
17.9011665367992	17.8665262730171	38.1694730083316
29.4635031509509	27.3035369009262	23.205068764838
87.6131318451898	3.57635030689479	1.86891821300095
47.4111877136916	3.22129354030885	27.2511164319008
46.4571127418695	6.98445788909889	1.56214693633939
6.32571624886511	56.4000099228695	32.9880206533652
36.0743912570525	21.9950597835682	7.45302080523829
60.1352680288885	21.0373245743277	2.89795403503718
42.3108652896764	18.7553871510343	22.9852445996298
12.2235986926703	25.2020142624164	25.5228357042758
