6.57897061043371	4.32956214264481	19.8229106235425
34.1294870870791	0.00446788035541208	61.7144119747516
56.9450069018384	10.2332839789955	26.9287770273764
14.5212430574564	17.7197382867894	36.9598757182061
7.06924693988135	15.0176700274542	71.6474738305656
18.9715153160372	72.6738637185999	3.15861003620485
1.54589479861124	0.233505293835655	95.2464157227643
46.7609228784036	48.1265199129128	3.56923593374399
9.20365769844673	27.4224201344989	16.603027385009
31.3070428237817	5.23211332281684	39.1027872167075
29.7281091705561	7.09742047223142	16.2291663308764
17.6185506478038	43.8844790420888	18.5973318845953
14.8219368955223	44.7425937954069	38.8271612761669
34.8497526882448	1.53464153480467	33.9710608282923
36.4264968486626	16.8145458292284	9.86266527784181
6.17821738411589	50.2664414002869	41.7272122305479
1.43644791163339	71.7346665783481	17.7101527888841
4.17885654800518	10.4394726969486	19.4146377124892
22.153364178796	41.4977316937864	30.4989784166678
1.15516441927998	75.7334267141919	14.5399621755536
27.5961158459988	2.74641127453484	22.091090456625
57.6077105280048	4.03183601053051	3.37480553583
7.81555557987446	11.15942644475	13.1515793563573
8.28543287156403	41.9641485633162	12.1031150743845
9.26770256332481	7.81185599407733	39.1156486883367
21.5070472664698	4.73432960209173	24.5688430148032
8.56819698054725	17.9417222356152	31.8744146413516
0.567777874212609	42.9572645774844	44.9936608993419
6.24618726142039	24.9349564895662	22.7215660376109
13.7517029017916	2.53655044480066	8.19358374373688
54.5797750142309	8.13959115563873	22.2327907207575
18.3185923929878	0.44623967280902	26.221312222174
7.32660550033981	56.4291299583526	21.5055810853399
14.5425354663946	15.2612923715549	53.4071640360202
3.58742163683633	11.7672958466072	43.5422767156466
24.5742994475059	42.518198556508	24.4600275179651
0.210912199789152	23.8536605722521	71.2646978773478
38.2850901401998	19.55236406976	20.5893769956144
18.2430641344949	23.6228187212827	21.8855409053553
36.0114344097727	31.4795884915998	27.7733434121
15.0556651479824	11.2116662837619	11.3993376080875
29.833033741374	66.4149870939623	0.626518857025783
10.1013808558236	34.8675417876186	43.6385757027374
2.16856440630209	9.02264886955854	59.5445154977704
2.60149287181045	48.8088456675452	4.9859517277153
2.26987125457724	34.0691416217336	20.3791242187746
34.2946711156027	0.331621617233204	14.7397040458115
6.20285789771139	9.34757255453038	12.4808820953969
50.2519558417853	14.1563979974745	20.7724988091609
29.8307900455924	21.4581931109811	4.36996687407138
29.7863902662817	22.4676588654833	31.4044238680063
12.4742828833285	14.1524743820319	31.819885518318
1.96962799037324	47.2171755727461	25.8550011207606
34.2446910376869	45.9087533158757	3.00820619007955
47.9983511604361	17.3565071622639	7.30571872894918
76.0852387529263	12.0598932318668	5.33972080114285
19.6771434599893	10.5046548929553	66.9352988092859
14.7096367621374	16.9689378780168	40.1430538111101
54.9887086986512	28.3212077004468	6.85185226930857
10.058066113879	14.041677356717	48.1947026439918
38.7579047301588	32.471818398904	18.438134025055
32.5624187628564	50.8949780142377	6.48490842733761
47.2028193749501	16.9659332451252	16.7425219513208
44.7072144340292	16.3261791767209	27.2483201358692
30.4884337030763	18.3948507152474	24.2937587780383
12.1320605800171	18.6560196888894	23.4442388282364
45.311163526639	4.50716871046795	20.7191099974881
13.0833964855799	2.07398505978006	32.5001272989903
52.4992109055162	3.4299558510212	6.251464274829
26.2486630241613	38.5612885647273	26.5267631162548
20.3163758946193	5.56880352346637	28.2081579455213
53.1118806698881	3.49802100262513	38.4644785143735
33.2914442444646	55.854911057211	7.02743842593741
7.82380891396842	36.1612136178469	6.45896541255478
32.0122494045702	15.8742711953233	34.8735756403178
9.0985334520687	67.2044952247313	2.07078252084124
20.0686283503047	42.8141640232942	19.3376181271568
9.84384301576942	68.8744648214776	10.2916046559306
8.18865630225682	5.84323019992711	68.256895601869
16.0364010911604	44.3483510726822	2.74914237798617
2.878146293982	52.1170311384448	30.5206635177697
32.9831148185689	54.5139306013072	4.6268595869778
15.2988942411257	35.9193188305569	26.3956872869263
22.4912864726462	4.16325302988442	33.9213095297671
5.67923337485606	24.3253003453488	3.60690495167249
34.6916932774203	9.42017948693604	53.0587395434541
35.4363144074736	0.250871991855498	39.7737096714665
44.4272260854148	2.02353252192192	49.1624275451351
41.0217859041979	37.3246288566499	3.64599046467151
12.8057334166047	65.1245560800305	6.49335403297718
2.58507225782847	62.4299900431326	10.5247922756359
33.7484261178171	33.2166751070026	24.621150095305
28.6321827809476	49.0691922833534	2.81550777275837
4.59170774770514	21.9280029749163	2.43680845128224
19.7881357370821	43.5290219930601	8.15710402473673
32.7191206313293	5.30034587965363	16.2486241740401
30.5528500725296	35.2290980681912	28.9491947875122
4.22730269107376	46.0875968197769	34.542114024303
44.5640837981198	9.65707684385454	38.2442855919917
4.43841507865042	55.0773793156619	18.3507497507849
15.6309091093163	65.3422008572809	10.3547296069352
24.1873844173678	17.9493756582725	15.9143141079295
21.8253102720833	6.60344045916732	65.8048209575027
27.7641237377022	15.871265584543	3.45629258242263
21.3843862625698	8.54068887817706	30.1272893464785
27.9991681352254	27.9344765599512	5.39262010967015
52.0264640227083	16.9878310603033	6.85886079764872
0.31097289189276	21.2875301583146	46.6982476630706
34.6956642506158	12.2269763668193	17.4791829276267
12.9243726902289	8.84643700385766	69.7739757922357
2.69589959769319	54.5080124654379	39.2303634617619
36.0449848864437	17.5543034530963	30.2961824602895
3.27043207514586	56.069518791544	19.3693550859435
25.3932322959384	21.7712915603869	3.38053936296168
29.8061563772178	55.8918853084985	4.48529003396877
29.9650045251311	9.65394061508306	52.7769182123136
4.93276152058167	61.7207317900475	0.624112459190242
21.0978181665287	49.4817997093693	28.9867595904445
58.6429189232378	29.3068025397634	4.36657159792565
57.7299674310395	1.7354729593431	0.858765375269002
58.9414439904231	4.93547097078314	1.92428440876505
52.0196878593507	9.21169282366135	29.3414823381889
10.2673139005282	54.2765376410803	16.440002767574
71.5172830370801	11.2882957380676	0.516963796930836
59.7611367515107	2.0840564752389	19.1522253766433
12.9014795706149	2.75043766142355	2.79644979294224
23.8925188425428	51.1458161990837	0.501289079199214
2.74267401673956	15.6137021796842	57.6152279309999
13.6559612181298	15.4048543029487	57.1164962635918
6.43396037930341	37.8751840153128	50.8825876521331
12.6505110006083	1.52165209945368	42.7707600140808
36.0401311591454	33.7222515762422	3.02923307895159
13.2665855871824	52.7031920164373	19.4595475771742
0.231341272700271	60.8537625339133	12.0754294153654
24.9029270954909	5.8922786758711	52.444491001053
48.7467048916718	43.819053398361	5.4081955949814
4.99334153951767	32.4359937722031	27.7773074469423
38.2825390148361	23.1558024059775	12.6204410626648
53.6084610287139	6.11854265728898	38.8323825499194
51.0293388976852	18.4285422407224	2.21405741861745
9.49252360011103	19.3455325063996	4.89447186928916
20.6001064370387	65.6142871666766	3.99581925198241
7.35243163413947	8.83758468964956	34.1981342221602
53.4840611058679	31.6176467256703	5.65301850701357
17.8171803792087	8.04202491792013	2.00965455826822
2.87028188019538	6.22136434829857	68.4689292071708
30.2829911607704	29.1724932050204	23.686369612667
60.0427537970444	7.54494429917305	2.60397447394392
36.5074696189293	35.2176162112586	6.07985933594399
14.6650231045974	6.069469594429	15.5626107079734
3.91647839169785	50.2198524075653	37.7660548490314
4.93719759627115	17.8254581139542	28.2294068151291
15.0036549731175	8.93768845542226	52.3368165140677
21.1217142274239	19.9709424376352	49.0080810845867
11.3458022993737	72.1574188546079	0.749409618205116
58.5053353842838	37.5157608825321	0.744505599487808
6.03414937203478	52.6481274294891	5.67820309925741
42.2501770510572	6.12724623928184	43.7796692567783
22.1481305184533	15.9595233928224	39.3705244825084
78.1699055238487	11.5009862051816	0.693301484311606
14.7713453577698	32.3990452719848	12.0641893763394
27.8983104638282	14.3601976401919	34.8935774689976
0.0665254891228515	7.68353026718066	69.179544117851
2.51566488412938	11.2395667057669	16.8216202952068
31.4904114843767	10.666420082872	43.0529017201871
59.5782184785131	2.35811569837766	30.4227116193728
29.00731900195	5.55989789104084	61.9000864969101
22.0277723027523	36.5860697052377	18.017408492983
58.4565537322576	16.454752821687	14.9479591357279
45.4966116908456	32.1065522879858	9.3182615979194
7.96622489949978	26.0706474660293	18.6873080761578
25.928119023297	38.9218011120901	23.0018979045571
86.3163636933623	4.47344747580283	3.41612245115271
84.0838557500783	5.47046428801048	8.07557278688791
4.33997670390642	6.20263018934179	65.941135150353
0.0481422059462137	23.5536879038223	42.2204147755263
13.0992351160847	59.5970392504693	14.9940003710771
77.9513321248588	3.0534484903577	14.7075386786403
9.04923035253269	61.0566695970747	23.2759413883444
7.92110618572734	1.57512235528562	74.9010473372885
0.411664927569993	1.87722742644941	6.08703233585089
46.3221170223887	23.432772244994	17.9106601131664
40.5204791764358	45.3324321868515	3.82660492501529
49.6884047285134	3.55475591661164	23.8698314520856
1.24011458886793	68.2618941032616	13.9914142498707
42.2932928159336	18.9050976275024	13.2894184036597
1.78043120623586	70.9924763399141	18.672095853217
41.81173496964	12.4739361053677	6.08756621651704
44.8249865066376	0.103951431859262	34.036646985466
23.2732375260784	16.0739505272703	44.4717541544101
8.34434354135038	22.4585536971961	64.5055157898485
5.79120028102361	15.6591831313722	37.9567308062486
13.301098725433	3.20788356624911	69.1130810739068
9.26614851190995	30.7349793756078	5.63239539304394
15.832415509891	15.8590329884826	63.1787525318464
44.6380296929917	7.91676952872275	32.8107205838015
42.6099172060424	23.2028920311494	10.9995989180168
6.0436336817423	60.0173312053165	11.8567941299904
57.750427004765	22.852187102126	11.8494960068956
3.45622585316013	12.6651369094221	15.515788186116
19.0604314296788	1.61421122104591	12.234730139484
2.30620782929762	56.1995502357369	0.154699664634978
45.7083923955021	35.7055880761266	17.1126441178437
58.536713364784	21.7739134662663	5.4387282139802
41.2809442920987	0.209418218680387	35.378811292061
10.9300207863236	39.1670653778906	30.4397652998752
32.4471514357473	22.7625262098212	20.0654807128317
29.8095543076329	22.8633059295189	30.0308027910212
21.4995249740312	71.4622366574883	5.47277061523533
10.3742845870435	28.4566531555991	54.5064666562278
4.75970180926831	17.7646898281596	5.81495748172279
9.21692606490894	58.3372553150809	20.8758550327624
33.5994289413092	11.2134067393902	33.5445357177148
8.64557628922424	2.91925161281566	19.9891058355519
11.617196915493	29.9594394070839	4.99886144185386
3.87542676361065	4.21643331843262	80.7045588179978
9.59111890270892	0.283246766907744	53.3783786247384
18.5085763309657	26.6419519328708	38.110949582472
19.0470785456929	30.0468281051362	38.6118253407124
32.0722559616306	2.61311293701321	52.6122250373532
39.4081312880889	16.1866114550208	14.8553578717892
13.6136569611792	40.0656890776314	19.9606717191453
19.589711362305	28.4630083611528	40.7837108898832
29.641343713571	6.56051049314463	59.4642980766782
5.58197275064046	34.2698852225532	29.0281215817798
