22.4180322244847	26.2884579721319	42.3864901728865
7.08039533676598	38.2557039327248	46.7298810122208
49.6166797585863	14.657376154632	25.461447437043
9.93472477883786	34.7549738524272	14.6353034836404
53.4344398199741	6.98908712109043	39.0998637951444
10.8261439534026	40.760466894489	38.4270515937484
22.1592174480479	19.7905940561512	51.4630693716291
1.76266268909102	11.9097969550219	12.1234654505381
18.5345145960033	12.4224463069916	52.4758621828984
8.0927638374701	20.5837120863533	67.307132141342
34.7242767618616	18.9944485290882	14.5729951162697
12.4382454494192	61.6842862505858	15.2904760163699
21.8535555628378	22.4990607809737	28.0826569665608
7.64760682715457	32.506272351605	35.9336318149854
0.457666069482298	21.7023804419219	59.5178679840257
4.99921972164848	33.4224127854325	10.2234699345303
56.7290724053649	21.3958894933555	0.796680339051727
44.1896199454505	9.90240411362723	39.9249582271674
3.01103880769156	21.6002420622857	42.6306567819001
59.8620001505418	0.789082423219961	2.28289258772642
7.1767540681999	6.38918872288856	66.1414631484735
32.4793658836183	7.23309791983715	49.4269971500277
9.64240269253142	11.1408192716263	68.7653101369577
11.9732919670517	42.3565268713778	0.01134420745603
10.4200057268236	6.42449986488768	29.9048008536477
32.1084759347646	22.6974428737059	19.6345385255453
3.06381215484059	36.0527789853759	41.1862676689337
63.8230479619573	20.8570998259155	10.9425407419645
30.8234552996342	1.50189534830949	44.0743017681289
32.402810702288	17.7846341942365	31.6580091284858
0.0980301294932282	56.654254140637	20.2475377918442
63.0993963047394	22.3437476075924	0.333531154474957
9.68784299198903	26.1619160073632	30.8950213393639
35.4541347527197	25.6641323332042	5.82840224068072
5.81298461454594	26.0654475661299	11.4098523796582
54.6046543655007	8.63442412048319	14.0096221184403
59.2128747418583	9.25504886976213	13.2942780448563
7.07302666598606	56.0469763148795	9.63838296459913
6.56711994976137	32.2330919244481	51.8370013925419
2.21108039944017	64.4787292762095	28.635887163056
1.77146941505907	28.2207419295892	6.53187283618929
36.4113627636858	40.9401362021175	13.162104279344
29.846990262087	50.1495192060943	4.28731176270512
1.23689975647111	11.6325110716897	74.8173158498562
10.5393526659065	26.3939363539191	60.952838445526
11.5588581709	14.3586628671543	19.1864200957056
2.9654678902428	64.0021828301261	25.13967348502
17.2548813360067	5.3673919315298	61.9388647665916
27.7050962334988	24.6084675773086	42.3094213671561
47.0823372002143	4.90020895604985	24.269763903818
37.6691008627736	20.4575648626581	14.876470395772
7.50069492845828	38.2425722378504	35.0839994079825
6.50818632287355	57.29320554868	0.300876284158265
48.2988421098789	20.2465979942338	11.9461332037794
79.4445826110638	1.07507640545958	12.6202058105824
0.776427099842777	0.992508605584739	80.9493666891704
34.7831231238242	16.9926868365112	0.537222111847821
0.655364711142781	27.4257415101983	14.6584389333885
31.9717993177342	41.0560037666261	7.81348483069496
32.562687728816	15.4203223136348	32.1003723107746
41.3588077488164	32.3343247325785	25.3820164712994
27.7668735607373	3.72068854222106	22.1340153469397
75.7362395411992	16.9468087223111	6.20129658198045
54.1420639279029	2.23314119606891	29.792266446069
1.43534629672549	67.0978267058254	20.1270457450892
55.9486052747577	13.1726521594323	16.2721634918229
11.2875605520269	9.324850751704	38.8979485439593
0.985140307333851	15.1497052121673	49.5883389607018
47.5429471803563	33.6550329037267	4.13117031759171
2.71242754660194	14.3117963403053	3.58660537916543
18.8412241725443	17.3879517323281	23.3535365310281
22.0655113561384	41.4333000972091	3.95419225280834
44.0636699758767	6.31674770559964	19.2771568984153
3.01533211163028	6.08048630230151	45.7764355678933
60.8189446203499	28.067577131124	2.6450748102018
33.6751956183814	4.66701369949943	5.52381505515604
12.5831588695679	33.7141344946409	8.76200148312468
41.3832598558549	19.8425490967196	1.97053188549845
2.50400761258975	47.0392856034633	27.4442776234095
5.83903063360557	6.1554720653945	62.3063840727817
11.2415538221791	47.3232615028151	17.0960020353533
3.84253449916958	1.81695460426479	36.8816114202522
15.3973647930647	18.7437994027249	55.3813037254761
4.67865597674561	44.5599230213835	19.0426529939485
20.4008987734098	12.133152090075	5.72103932766292
13.3216136662856	69.0606997669957	14.4331593133664
2.62855333398495	36.0338869672426	11.5211050545429
61.1870340356543	26.6027743120691	5.29621751294295
2.86909910052507	13.2622694658405	7.85263083309523
8.84543345721691	22.6996795845682	24.1376450863376
19.8493912908479	53.4756564318555	9.31097646677446
43.650972956629	45.530745687676	8.22923505130654
11.6039041483793	12.352137459606	65.2004698595034
0.471032085116502	63.6633443476927	3.82698946810653
26.4472958754968	21.3912377233576	8.29501580833225
48.7771773472322	10.7996922036631	34.849980629445
13.3356267182788	5.51160588185843	6.18097628754609
39.4992742405735	6.79563950132376	30.4756473426128
49.7415413380328	2.37986454850988	11.3991266169581
9.77802835860198	63.594085380246	3.13174133334856
8.32777545243864	31.6995908188166	53.2979616212183
35.2345522191536	45.1585604088188	2.55042989857049
41.6303114228092	14.5683858611474	25.4694797217238
7.35147386200329	70.6342395723957	9.94227035434091
23.0032104640283	36.9627913166596	38.8137831533392
60.2670788114271	25.2096947865606	11.8407666738335
47.6728743164208	16.5111055674549	31.3106207322844
33.8718685479238	23.4704519265659	40.6601382143144
71.3294754602618	13.4084502297493	1.7168798491903
67.9620320759537	12.5942044950063	8.6985892191057
51.4883645584287	40.2948972025397	4.45971414654502
14.8180801024745	15.0358850206416	56.4495167492188
10.9695701445311	10.9581857970721	48.2048208118439
7.39923040727118	27.1696435879775	43.5727082395799
45.2075910965016	5.17801498304029	42.2101950003813
20.0523868762201	2.41655693502005	10.1991169667799
30.4108363252184	18.6779435810996	27.3755110462082
4.03821640835992	38.4011033635592	54.4197960078808
4.04225648569048	37.8450030171522	30.7536072240926
36.6871014408242	47.7983977868214	2.86312955564965
23.6661887837882	52.8163057997899	14.7887133130751
0.997447828295384	41.9433822119345	41.149077769904
67.1038725725859	26.5525087372179	2.00694166217323
2.63066045131099	13.4803101483175	25.4058772350689
10.7974206613365	32.8916054837832	40.7608396097835
0.315709086282043	12.6234081166905	35.4723280460911
49.5896046746474	23.802281461564	4.62050643033372
43.3319254048783	10.4817115750544	20.2681973670927
5.28851156369248	46.3942487940165	38.0196753135043
11.69397514858	22.4974317580915	25.9165191677942
18.2510365351341	17.2254429279014	35.8609463255205
48.793543991071	0.844476791491954	28.472551111352
12.1031561457101	40.3817634751935	29.3209062560093
29.0205286485239	9.15556257085668	48.3194139079747
24.1136254389368	52.4347581213502	5.76254739694416
14.4921328474265	53.0059167896425	21.6436494708265
19.4041544661877	19.5104538553909	8.7240736972187
28.0638829469978	8.99489620188013	46.6592602649048
19.3753679838848	50.1064383192483	6.00673971046076
50.9784135273557	22.6892231137907	22.9207479501705
26.088666182984	12.6782759617447	46.3888635609247
9.42945015124485	39.1803967948912	9.55150076632924
17.8766912398286	24.2216313370604	17.3593850887191
2.0630260939072	61.5687142878625	10.6276569006162
42.1278371206149	0.0966684427562488	26.2006884562786
30.184249919925	28.7939404271515	36.526267387218
40.3614423425689	10.855584922645	25.4359792570751
14.8219144972143	18.1366419969763	12.9623486720782
22.2834269154274	19.3637463354337	22.4729851458562
26.2345993547861	0.97407945477128	57.3487968916766
12.1711964310013	36.3238462881762	39.2570798468111
31.3558929745834	38.9792835987077	18.1523028380015
20.737988837407	67.0632804590572	4.12972518435201
22.5909378019119	10.8856490863886	55.4349726324132
8.8490171864857	27.4650781543297	27.3743907582827
50.2510138555667	29.7447241515595	4.51868958981647
12.9479635567162	13.0186786004429	30.8573516229435
69.972454137156	0.79851257651975	2.73736962244723
2.4635724734811	5.10074021532235	74.8612449387374
61.1856174940176	29.7633615926669	4.92655448844962
15.3066132754584	16.0511038340866	47.7326577285922
46.2624861142889	10.4843910832351	7.91793838512056
27.1285872101451	48.4645363634753	19.0589044797509
2.97148879755823	2.28498233588644	37.2371758507738
3.7959147262368	10.9136709994234	23.3274318852124
12.7773461457236	16.124105600698	57.094357328999
19.8461300320207	61.8544137859039	1.11674522101728
10.3046056862476	41.53477612023	15.3907393642658
52.7727486811451	13.3043897400165	30.7787385912513
5.37714134220832	19.5038180889114	60.9953846135155
21.6041708465685	17.3011376603046	6.46609296392002
29.1025711824664	48.7716160010414	21.3085070351644
16.4889812080604	22.0474745715258	23.0748250722302
35.278465801514	25.8485390459413	37.7819799062712
48.1493654885094	4.74919877236206	26.3460347551601
20.324923899176	69.2130273064659	7.96220177224009
63.1081445436497	12.9942149450044	0.569673208785091
3.27123264003137	24.9044856638203	10.2688474628464
4.66869012670065	1.3838652527816	39.60514801536
5.37692904722734	35.0475974544173	57.721592000556
9.73979332937849	67.7533913253589	17.1482163095606
38.0784123847626	11.0152963600193	17.2156588720231
64.3247428184025	30.5238953933697	4.02820343339266
18.6541774862698	18.7382739124532	42.7101811127319
10.362833882851	4.82142488696679	1.58404386676105
16.0649282466923	15.2977195173957	22.0486495746526
2.43596960903889	20.0444212742357	49.2566508470367
13.4196494768465	55.5917686575985	2.86741042643199
36.4865361417115	5.72180031133899	54.2155612512564
3.98693755454707	86.8426461642807	7.67599195599369
9.48618026892011	28.9293030411607	57.5932794053076
20.8692651339198	13.9211083361512	30.0125468196406
67.5285721512179	11.0579325869018	5.37917930883317
34.4086739860515	21.755283289475	1.86581485991637
9.68966009546521	9.66009390990254	33.4081974036098
21.0231289831098	39.4593612474666	8.97088842884213
18.7717158434781	0.532085215920622	50.0931897433909
32.9155250605734	12.9538618088485	4.05958942326698
13.4696933969249	3.0800410560705	67.4460240022494
8.53132354492849	17.3983514389947	50.9495307928647
52.5140559545318	15.4477082264832	31.8335456921875
9.50130327115827	42.9121834425778	44.7564606297558
18.0090735284654	31.0144621557623	43.6236530745512
7.32587771831354	12.3472240345307	18.9836709848529
3.17776254526235	25.9258834300218	9.30710169920097
37.6220920298351	33.1992912726473	27.0460720299958
6.07331167258011	83.4555305463521	7.73606757062304
1.56160090191364	16.7254314835767	58.7321742245612
56.2713874766004	0.728099188175099	15.3041569587328
43.4280172658283	17.2848919021361	25.2076686477324
3.67271686143834	74.5909458373631	0.771028083176831
8.21447493890974	5.94773846955399	37.2647644194145
11.0692612412708	35.5780789328637	16.297700449963
10.0318639585897	20.4886913394968	13.1222606232028
8.62533944129261	24.0873357858916	24.8399573959596
10.441928594579	5.96664240861621	67.4936835037049
7.19762980341801	65.3836107185965	5.23508619760866
44.6075660849957	24.9578207381805	0.0767205842196572
6.08663759477746	57.956721334698	17.3094582824546
7.13788187463669	40.2610393428528	31.8007943368521
38.5657201235023	10.4874730624666	6.76696528995734
12.4894340580746	45.81922667372	17.4045252229108
22.7640709480103	9.3113125810918	34.3780607610839
39.9337082821567	12.2315997314787	16.752483191319
22.7596030676549	47.5969006063402	10.1035879971942
